       0        0        0        0        0        0        0        0        0        0        0        0        0        0        0        0        0        0        0        0        0        0        0        0        0        0        0        0        0        0        0        0        0        0        0        0        0        0        0        0        0        0        0        0        0        0        0        0        0        0        0        0        0        0        0        0        0        0        0        0        0        0        0        0        0        0        0        0        0        0        0        0        0        0        0        0        0        0        0        0        0        0        0        0        0        0        0        0        0        0        0        0        0        0        0        0        0        0        0        0
       0  8428.95  16825.5  25158.7  33400.7  41527.5  49519.3  57360.8  65040.5  72550.3  79884.8  87040.5  94015.3   100808   107418   113844   120087   126146   132022   137714   143223   148548   153689   158647   163421   168012   172418   176642   180681   184537   188210   191699   195004   198125   201063   203817   206388   208775   210979   212998   214835   216487   217956   219242   220343   221261   221996   222547   222914   223098   223098   222914   222547   221996   221261   220343   219242   217956   216487   214835   212998   210979   208775   206388   203817   201063   198125   195004   191699   188210   184537   180681   176642   172418   168012   163421   158647   153689   148548   143223   137714   132022   126146   120087   113844   107418   100808  94015.3  87040.5  79884.8  72550.3  65040.5  57360.8  49519.3  41527.5  33400.7  25158.7  16825.5  8428.95        0
       0  16825.5  33586.2  50220.6    66673  82895.3  98848.1   114501   129831   144821   159462   173746   187669   201228   214422   227250   239712   251807   263536   274899   285895   296524   306787   316684   326213   335377   344174   352604   360668   368365   375695   382660   389257   395488   401353   406851   411982   416747   421146   425177   428843   432142   435074   437640   439839   441671   443137   444237   444970   445337   445337   444970   444237   443137   441671   439839   437640   435074   432142   428843   425177   421146   416747   411982   406851   401353   395488   389257   382660   375695   368365   360668   352604   344174   335377   326213   316684   306787   296524   285895   274899   263536   251807   239712   227250   214422   201228   187669   173746   159462   144821   129831   114501  98848.1  82895.3    66673  50220.6  33586.2  16825.5        0
       0  25158.7  50220.6  75093.7  99694.5   123951   147805   171210   194133   216548   238440   259798   280616   300891   320619   339801   358435   376521   394059   411049   427491   443385   458731   473529   487779   501480   514634   527240   539297   550807   561768   572181   582046   591363   600133   608354   616027   623151   629728   635757   641238   646170   650555   654391   657680   660420   662612   664256   665353   665901   665901   665353   664256   662612   660420   657680   654391   650555   646170   641238   635757   629728   623151   616027   608354   600133   591363   582046   572181   561768   550807   539297   527240   514634   501480   487779   473529   458731   443385   427491   411049   394059   376521   358435   339801   320619   300891   280616   259798   238440   216548   194133   171210   147805   123951  99694.5  75093.7  50220.6  25158.7        0
       0  33400.7    66673  99694.5   132355   164558   196226   227299   257731   287489   316553   344908   372547   399463   425655   451120   475858   499870   523153   545709   567538   588638   609012   628657   647575   665766   683229   699964   715971   731251   745804   759628   772725   785095   796737   807651   817837   827296   836028   844032   851308   857856   863677   868770   873136   876774   879685   881868   883323   884050   884050   883323   881868   879685   876774   873136   868770   863677   857856   851308   844032   836028   827296   817837   807651   796737   785095   772725   759628   745804   731251   715971   699964   683229   665766   647575   628657   609012   588638   567538   545709   523153   499870   475858   451120   425655   399463   372547   344908   316553   287489   257731   227299   196226   164558   132355  99694.5    66673  33400.7        0
       0  41527.5  82895.3   123951   164558   204597   243970   282603   320439   357438   393574   428828   463191   496657   529221   560882   591640   621493   650442   678486   705626   731860   757191   781616   805137   827754   849465   870272   890175   909172   927265   944454   960737   976117   990591 1.00416e+06 1.01683e+06 1.02859e+06 1.03944e+06 1.04939e+06 1.05844e+06 1.06658e+06 1.07382e+06 1.08015e+06 1.08558e+06 1.0901e+06 1.09372e+06 1.09644e+06 1.09824e+06 1.09915e+06 1.09915e+06 1.09824e+06 1.09644e+06 1.09372e+06 1.0901e+06 1.08558e+06 1.08015e+06 1.07382e+06 1.06658e+06 1.05844e+06 1.04939e+06 1.03944e+06 1.02859e+06 1.01683e+06 1.00416e+06   990591   976117   960737   944454   927265   909172   890175   870272   849465   827754   805137   781616   757191   731860   705626   678486   650442   621493   591640   560882   529221   496657   463191   428828   393574   357438   320439   282603   243970   204597   164558   123951  82895.3  41527.5        0
       0  49519.3  98848.1   147805   196226   243970   290921   336989   382107   426226   469315   511354   552330   592236   631067   668822   705498   741097   775616   809057   841420   872703   902908   932035   960082   987051 1.01294e+06 1.03775e+06 1.06148e+06 1.08414e+06 1.10571e+06 1.12621e+06 1.14563e+06 1.16397e+06 1.18123e+06 1.19741e+06 1.21251e+06 1.22653e+06 1.23948e+06 1.25134e+06 1.26213e+06 1.27184e+06 1.28047e+06 1.28802e+06 1.29449e+06 1.29989e+06 1.3042e+06 1.30744e+06 1.3096e+06 1.31068e+06 1.31068e+06 1.3096e+06 1.30744e+06 1.3042e+06 1.29989e+06 1.29449e+06 1.28802e+06 1.28047e+06 1.27184e+06 1.26213e+06 1.25134e+06 1.23948e+06 1.22653e+06 1.21251e+06 1.19741e+06 1.18123e+06 1.16397e+06 1.14563e+06 1.12621e+06 1.10571e+06 1.08414e+06 1.06148e+06 1.03775e+06 1.01294e+06   987051   960082   932035   902908   872703   841420   809057   775616   741097   705498   668822   631067   592236   552330   511354   469315   426226   382107   336989   290921   243970   196226   147805  98848.1  49519.3        0
       0  57360.8   114501   171210   227299   282603   336989   390352   442613   493719   543632   592328   639792   686017   730997   774730   817214   858450   898436   937172   974659 1.0109e+06 1.04588e+06 1.07962e+06 1.11211e+06 1.14335e+06 1.17334e+06 1.20208e+06 1.22957e+06 1.25581e+06 1.2808e+06 1.30455e+06 1.32704e+06 1.34828e+06 1.36827e+06 1.38702e+06 1.40451e+06 1.42076e+06 1.43575e+06 1.4495e+06 1.46199e+06 1.47324e+06 1.48323e+06 1.49198e+06 1.49948e+06 1.50573e+06 1.51072e+06 1.51447e+06 1.51697e+06 1.51822e+06 1.51822e+06 1.51697e+06 1.51447e+06 1.51072e+06 1.50573e+06 1.49948e+06 1.49198e+06 1.48323e+06 1.47324e+06 1.46199e+06 1.4495e+06 1.43575e+06 1.42076e+06 1.40451e+06 1.38702e+06 1.36827e+06 1.34828e+06 1.32704e+06 1.30455e+06 1.2808e+06 1.25581e+06 1.22957e+06 1.20208e+06 1.17334e+06 1.14335e+06 1.11211e+06 1.07962e+06 1.04588e+06 1.0109e+06   974659   937172   898436   858450   817214   774730   730997   686017   639792   592328   543632   493719   442613   390352   336989   282603   227299   171210   114501  57360.8        0
       0  65040.5   129831   194133   257731   320439   382107   442613   501872   559820   616415   671631   725450   777863   828865   878453   926626   973382 1.01872e+06 1.06264e+06 1.10515e+06 1.14624e+06 1.18591e+06 1.22417e+06 1.261e+06 1.29643e+06 1.33043e+06 1.36302e+06 1.39419e+06 1.42394e+06 1.45228e+06 1.4792e+06 1.50471e+06 1.52879e+06 1.55146e+06 1.57271e+06 1.59255e+06 1.61097e+06 1.62797e+06 1.64356e+06 1.65773e+06 1.67048e+06 1.68181e+06 1.69173e+06 1.70023e+06 1.70732e+06 1.71298e+06 1.71723e+06 1.72007e+06 1.72149e+06 1.72149e+06 1.72007e+06 1.71723e+06 1.71298e+06 1.70732e+06 1.70023e+06 1.69173e+06 1.68181e+06 1.67048e+06 1.65773e+06 1.64356e+06 1.62797e+06 1.61097e+06 1.59255e+06 1.57271e+06 1.55146e+06 1.52879e+06 1.50471e+06 1.4792e+06 1.45228e+06 1.42394e+06 1.39419e+06 1.36302e+06 1.33043e+06 1.29643e+06 1.261e+06 1.22417e+06 1.18591e+06 1.14624e+06 1.10515e+06 1.06264e+06 1.01872e+06   973382   926626   878453   828865   777863   725450   671631   616415   559820   501872   442613   382107   320439   257731   194133   129831  65040.5        0
       0  72550.3   144821   216548   287489   357438   426226   493719   559820   624459   687589   749179   809213   867678   924569   979882 1.03362e+06 1.08577e+06 1.13635e+06 1.18534e+06 1.23275e+06 1.27859e+06 1.32284e+06 1.36551e+06 1.4066e+06 1.44612e+06 1.48405e+06 1.5204e+06 1.55517e+06 1.58836e+06 1.61997e+06 1.65e+06 1.67844e+06 1.70531e+06 1.7306e+06 1.75431e+06 1.77643e+06 1.79698e+06 1.81594e+06 1.83333e+06 1.84913e+06 1.86336e+06 1.876e+06 1.88706e+06 1.89655e+06 1.90445e+06 1.91077e+06 1.91551e+06 1.91867e+06 1.92025e+06 1.92025e+06 1.91867e+06 1.91551e+06 1.91077e+06 1.90445e+06 1.89655e+06 1.88706e+06 1.876e+06 1.86336e+06 1.84913e+06 1.83333e+06 1.81594e+06 1.79698e+06 1.77643e+06 1.75431e+06 1.7306e+06 1.70531e+06 1.67844e+06 1.65e+06 1.61997e+06 1.58836e+06 1.55517e+06 1.5204e+06 1.48405e+06 1.44612e+06 1.4066e+06 1.36551e+06 1.32284e+06 1.27859e+06 1.23275e+06 1.18534e+06 1.13635e+06 1.08577e+06 1.03362e+06   979882   924569   867678   809213   749179   687589   624459   559820   493719   426226   357438   287489   216548   144821  72550.3        0
       0  79884.8   159462   238440   316553   393574   469315   543632   616415   687589   757101   824918   891020   955396 1.01804e+06 1.07894e+06 1.13811e+06 1.19554e+06 1.25123e+06 1.30517e+06 1.35738e+06 1.40785e+06 1.45657e+06 1.50356e+06 1.54881e+06 1.59231e+06 1.63408e+06 1.6741e+06 1.71239e+06 1.74893e+06 1.78374e+06 1.8168e+06 1.84813e+06 1.87771e+06 1.90555e+06 1.93166e+06 1.95602e+06 1.97864e+06 1.99953e+06 2.01867e+06 2.03607e+06 2.05173e+06 2.06566e+06 2.07784e+06 2.08828e+06 2.09698e+06 2.10394e+06 2.10916e+06 2.11264e+06 2.11438e+06 2.11438e+06 2.11264e+06 2.10916e+06 2.10394e+06 2.09698e+06 2.08828e+06 2.07784e+06 2.06566e+06 2.05173e+06 2.03607e+06 2.01867e+06 1.99953e+06 1.97864e+06 1.95602e+06 1.93166e+06 1.90555e+06 1.87771e+06 1.84813e+06 1.8168e+06 1.78374e+06 1.74893e+06 1.71239e+06 1.6741e+06 1.63408e+06 1.59231e+06 1.54881e+06 1.50356e+06 1.45657e+06 1.40785e+06 1.35738e+06 1.30517e+06 1.25123e+06 1.19554e+06 1.13811e+06 1.07894e+06 1.01804e+06   955396   891020   824918   757101   687589   616415   543632   469315   393574   316553   238440   159462  79884.8        0
       0  87040.5   173746   259798   344908   428828   511354   592328   671631   749179   824918   898810   970834 1.04098e+06 1.10923e+06 1.17559e+06 1.24006e+06 1.30263e+06 1.3633e+06 1.42208e+06 1.47897e+06 1.53395e+06 1.58705e+06 1.63824e+06 1.68754e+06 1.73494e+06 1.78045e+06 1.82406e+06 1.86577e+06 1.90559e+06 1.94351e+06 1.97954e+06 2.01367e+06 2.04591e+06 2.07624e+06 2.10468e+06 2.13123e+06 2.15588e+06 2.17863e+06 2.19949e+06 2.21845e+06 2.23552e+06 2.25069e+06 2.26396e+06 2.27534e+06 2.28482e+06 2.2924e+06 2.29809e+06 2.30188e+06 2.30378e+06 2.30378e+06 2.30188e+06 2.29809e+06 2.2924e+06 2.28482e+06 2.27534e+06 2.26396e+06 2.25069e+06 2.23552e+06 2.21845e+06 2.19949e+06 2.17863e+06 2.15588e+06 2.13123e+06 2.10468e+06 2.07624e+06 2.04591e+06 2.01367e+06 1.97954e+06 1.94351e+06 1.90559e+06 1.86577e+06 1.82406e+06 1.78045e+06 1.73494e+06 1.68754e+06 1.63824e+06 1.58705e+06 1.53395e+06 1.47897e+06 1.42208e+06 1.3633e+06 1.30263e+06 1.24006e+06 1.17559e+06 1.10923e+06 1.04098e+06   970834   898810   824918   749179   671631   592328   511354   428828   344908   259798   173746  87040.5        0
       0  94015.3   187669   280616   372547   463191   552330   639792   725450   809213   891020   970834 1.04863e+06 1.12439e+06 1.19811e+06 1.26979e+06 1.33942e+06 1.40701e+06 1.47255e+06 1.53604e+06 1.59748e+06 1.65687e+06 1.71422e+06 1.76952e+06 1.82277e+06 1.87397e+06 1.92312e+06 1.97023e+06 2.01528e+06 2.05829e+06 2.09925e+06 2.13817e+06 2.17503e+06 2.20985e+06 2.24262e+06 2.27334e+06 2.30201e+06 2.32863e+06 2.35321e+06 2.37574e+06 2.39622e+06 2.41465e+06 2.43104e+06 2.44537e+06 2.45766e+06 2.4679e+06 2.47609e+06 2.48224e+06 2.48634e+06 2.48838e+06 2.48838e+06 2.48634e+06 2.48224e+06 2.47609e+06 2.4679e+06 2.45766e+06 2.44537e+06 2.43104e+06 2.41465e+06 2.39622e+06 2.37574e+06 2.35321e+06 2.32863e+06 2.30201e+06 2.27334e+06 2.24262e+06 2.20985e+06 2.17503e+06 2.13817e+06 2.09925e+06 2.05829e+06 2.01528e+06 1.97023e+06 1.92312e+06 1.87397e+06 1.82277e+06 1.76952e+06 1.71422e+06 1.65687e+06 1.59748e+06 1.53604e+06 1.47255e+06 1.40701e+06 1.33942e+06 1.26979e+06 1.19811e+06 1.12439e+06 1.04863e+06   970834   891020   809213   725450   639792   552330   463191   372547   280616   187669  94015.3        0
       0   100808   201228   300891   399463   496657   592236   686017   777863   867678   955396 1.04098e+06 1.12439e+06 1.20563e+06 1.28468e+06 1.36153e+06 1.4362e+06 1.50867e+06 1.57894e+06 1.64701e+06 1.7129e+06 1.77658e+06 1.83807e+06 1.89736e+06 1.95446e+06 2.00936e+06 2.06206e+06 2.11257e+06 2.16089e+06 2.207e+06 2.25092e+06 2.29265e+06 2.33217e+06 2.36951e+06 2.40464e+06 2.43758e+06 2.46833e+06 2.49688e+06 2.52323e+06 2.54739e+06 2.56935e+06 2.58911e+06 2.60668e+06 2.62205e+06 2.63523e+06 2.64621e+06 2.65499e+06 2.66158e+06 2.66597e+06 2.66817e+06 2.66817e+06 2.66597e+06 2.66158e+06 2.65499e+06 2.64621e+06 2.63523e+06 2.62205e+06 2.60668e+06 2.58911e+06 2.56935e+06 2.54739e+06 2.52323e+06 2.49688e+06 2.46833e+06 2.43758e+06 2.40464e+06 2.36951e+06 2.33217e+06 2.29265e+06 2.25092e+06 2.207e+06 2.16089e+06 2.11257e+06 2.06206e+06 2.00936e+06 1.95446e+06 1.89736e+06 1.83807e+06 1.77658e+06 1.7129e+06 1.64701e+06 1.57894e+06 1.50867e+06 1.4362e+06 1.36153e+06 1.28468e+06 1.20563e+06 1.12439e+06 1.04098e+06   955396   867678   777863   686017   592236   496657   399463   300891   201228   100808        0
       0   107418   214422   320619   425655   529221   631067   730997   828865   924569 1.01804e+06 1.10923e+06 1.19811e+06 1.28468e+06 1.36891e+06 1.45081e+06 1.53036e+06 1.60758e+06 1.68246e+06 1.755e+06 1.8252e+06 1.89306e+06 1.95859e+06 2.02177e+06 2.08261e+06 2.14111e+06 2.19727e+06 2.25109e+06 2.30257e+06 2.35171e+06 2.39851e+06 2.44297e+06 2.48509e+06 2.52487e+06 2.56231e+06 2.59741e+06 2.63017e+06 2.66059e+06 2.68867e+06 2.71441e+06 2.73781e+06 2.75887e+06 2.77759e+06 2.79397e+06 2.80801e+06 2.81971e+06 2.82907e+06 2.83609e+06 2.84077e+06 2.84311e+06 2.84311e+06 2.84077e+06 2.83609e+06 2.82907e+06 2.81971e+06 2.80801e+06 2.79397e+06 2.77759e+06 2.75887e+06 2.73781e+06 2.71441e+06 2.68867e+06 2.66059e+06 2.63017e+06 2.59741e+06 2.56231e+06 2.52487e+06 2.48509e+06 2.44297e+06 2.39851e+06 2.35171e+06 2.30257e+06 2.25109e+06 2.19727e+06 2.14111e+06 2.08261e+06 2.02177e+06 1.95859e+06 1.89306e+06 1.8252e+06 1.755e+06 1.68246e+06 1.60758e+06 1.53036e+06 1.45081e+06 1.36891e+06 1.28468e+06 1.19811e+06 1.10923e+06 1.01804e+06   924569   828865   730997   631067   529221   425655   320619   214422   107418        0
       0   113844   227250   339801   451120   560882   668822   774730   878453   979882 1.07894e+06 1.17559e+06 1.26979e+06 1.36153e+06 1.45081e+06 1.5376e+06 1.62192e+06 1.70376e+06 1.78312e+06 1.86e+06 1.9344e+06 2.00632e+06 2.07576e+06 2.14272e+06 2.2072e+06 2.2692e+06 2.32872e+06 2.38576e+06 2.44032e+06 2.4924e+06 2.542e+06 2.58912e+06 2.63376e+06 2.67592e+06 2.7156e+06 2.7528e+06 2.78752e+06 2.81976e+06 2.84952e+06 2.8768e+06 2.9016e+06 2.92392e+06 2.94376e+06 2.96112e+06 2.976e+06 2.9884e+06 2.99832e+06 3.00576e+06 3.01072e+06 3.0132e+06 3.0132e+06 3.01072e+06 3.00576e+06 2.99832e+06 2.9884e+06 2.976e+06 2.96112e+06 2.94376e+06 2.92392e+06 2.9016e+06 2.8768e+06 2.84952e+06 2.81976e+06 2.78752e+06 2.7528e+06 2.7156e+06 2.67592e+06 2.63376e+06 2.58912e+06 2.542e+06 2.4924e+06 2.44032e+06 2.38576e+06 2.32872e+06 2.2692e+06 2.2072e+06 2.14272e+06 2.07576e+06 2.00632e+06 1.9344e+06 1.86e+06 1.78312e+06 1.70376e+06 1.62192e+06 1.5376e+06 1.45081e+06 1.36153e+06 1.26979e+06 1.17559e+06 1.07894e+06   979882   878453   774730   668822   560882   451120   339801   227250   113844        0
       0   120087   239712   358435   475858   591640   705498   817214   926626 1.03362e+06 1.13811e+06 1.24006e+06 1.33942e+06 1.4362e+06 1.53036e+06 1.62192e+06 1.71086e+06 1.79719e+06 1.8809e+06 1.962e+06 2.04048e+06 2.11634e+06 2.18959e+06 2.26022e+06 2.32824e+06 2.39364e+06 2.45642e+06 2.51659e+06 2.57414e+06 2.62908e+06 2.6814e+06 2.7311e+06 2.77819e+06 2.82266e+06 2.86452e+06 2.90376e+06 2.94038e+06 2.97439e+06 3.00578e+06 3.03456e+06 3.06072e+06 3.08426e+06 3.10519e+06 3.1235e+06 3.1392e+06 3.15228e+06 3.16274e+06 3.17059e+06 3.17582e+06 3.17844e+06 3.17844e+06 3.17582e+06 3.17059e+06 3.16274e+06 3.15228e+06 3.1392e+06 3.1235e+06 3.10519e+06 3.08426e+06 3.06072e+06 3.03456e+06 3.00578e+06 2.97439e+06 2.94038e+06 2.90376e+06 2.86452e+06 2.82266e+06 2.77819e+06 2.7311e+06 2.6814e+06 2.62908e+06 2.57414e+06 2.51659e+06 2.45642e+06 2.39364e+06 2.32824e+06 2.26022e+06 2.18959e+06 2.11634e+06 2.04048e+06 1.962e+06 1.8809e+06 1.79719e+06 1.71086e+06 1.62192e+06 1.53036e+06 1.4362e+06 1.33942e+06 1.24006e+06 1.13811e+06 1.03362e+06   926626   817214   705498   591640   475858   358435   239712   120087        0
       0   126146   251807   376521   499870   621493   741097   858450   973382 1.08577e+06 1.19554e+06 1.30263e+06 1.40701e+06 1.50867e+06 1.60758e+06 1.70376e+06 1.79719e+06 1.88787e+06 1.97581e+06 2.061e+06 2.14344e+06 2.22313e+06 2.30007e+06 2.37427e+06 2.44572e+06 2.51442e+06 2.58037e+06 2.64357e+06 2.70403e+06 2.76174e+06 2.8167e+06 2.86891e+06 2.91837e+06 2.96509e+06 3.00906e+06 3.05028e+06 3.08875e+06 3.12447e+06 3.15745e+06 3.18768e+06 3.21516e+06 3.23989e+06 3.26187e+06 3.28111e+06 3.2976e+06 3.31134e+06 3.32233e+06 3.33057e+06 3.33607e+06 3.33882e+06 3.33882e+06 3.33607e+06 3.33057e+06 3.32233e+06 3.31134e+06 3.2976e+06 3.28111e+06 3.26187e+06 3.23989e+06 3.21516e+06 3.18768e+06 3.15745e+06 3.12447e+06 3.08875e+06 3.05028e+06 3.00906e+06 2.96509e+06 2.91837e+06 2.86891e+06 2.8167e+06 2.76174e+06 2.70403e+06 2.64357e+06 2.58037e+06 2.51442e+06 2.44572e+06 2.37427e+06 2.30007e+06 2.22313e+06 2.14344e+06 2.061e+06 1.97581e+06 1.88787e+06 1.79719e+06 1.70376e+06 1.60758e+06 1.50867e+06 1.40701e+06 1.30263e+06 1.19554e+06 1.08577e+06   973382   858450   741097   621493   499870   376521   251807   126146        0
       0   132022   263536   394059   523153   650442   775616   898436 1.01872e+06 1.13635e+06 1.25123e+06 1.3633e+06 1.47255e+06 1.57894e+06 1.68246e+06 1.78312e+06 1.8809e+06 1.97581e+06 2.06784e+06 2.157e+06 2.24328e+06 2.32668e+06 2.40721e+06 2.48486e+06 2.55964e+06 2.63154e+06 2.70056e+06 2.76671e+06 2.82998e+06 2.89038e+06 2.9479e+06 3.00254e+06 3.05431e+06 3.1032e+06 3.14922e+06 3.19236e+06 3.23262e+06 3.27001e+06 3.30452e+06 3.33616e+06 3.36492e+06 3.3908e+06 3.41381e+06 3.43394e+06 3.4512e+06 3.46558e+06 3.47708e+06 3.48571e+06 3.49146e+06 3.49434e+06 3.49434e+06 3.49146e+06 3.48571e+06 3.47708e+06 3.46558e+06 3.4512e+06 3.43394e+06 3.41381e+06 3.3908e+06 3.36492e+06 3.33616e+06 3.30452e+06 3.27001e+06 3.23262e+06 3.19236e+06 3.14922e+06 3.1032e+06 3.05431e+06 3.00254e+06 2.9479e+06 2.89038e+06 2.82998e+06 2.76671e+06 2.70056e+06 2.63154e+06 2.55964e+06 2.48486e+06 2.40721e+06 2.32668e+06 2.24328e+06 2.157e+06 2.06784e+06 1.97581e+06 1.8809e+06 1.78312e+06 1.68246e+06 1.57894e+06 1.47255e+06 1.3633e+06 1.25123e+06 1.13635e+06 1.01872e+06   898436   775616   650442   523153   394059   263536   132022        0
       0   137714   274899   411049   545709   678486   809057   937172 1.06264e+06 1.18534e+06 1.30517e+06 1.42208e+06 1.53604e+06 1.64701e+06 1.755e+06 1.86e+06 1.962e+06 2.061e+06 2.157e+06 2.25e+06 2.34e+06 2.427e+06 2.511e+06 2.592e+06 2.67e+06 2.745e+06 2.817e+06 2.886e+06 2.952e+06 3.015e+06 3.075e+06 3.132e+06 3.186e+06 3.237e+06 3.285e+06 3.33e+06 3.372e+06 3.411e+06 3.447e+06 3.48e+06 3.51e+06 3.537e+06 3.561e+06 3.582e+06  3.6e+06 3.615e+06 3.627e+06 3.636e+06 3.642e+06 3.645e+06 3.645e+06 3.642e+06 3.636e+06 3.627e+06 3.615e+06  3.6e+06 3.582e+06 3.561e+06 3.537e+06 3.51e+06 3.48e+06 3.447e+06 3.411e+06 3.372e+06 3.33e+06 3.285e+06 3.237e+06 3.186e+06 3.132e+06 3.075e+06 3.015e+06 2.952e+06 2.886e+06 2.817e+06 2.745e+06 2.67e+06 2.592e+06 2.511e+06 2.427e+06 2.34e+06 2.25e+06 2.157e+06 2.061e+06 1.962e+06 1.86e+06 1.755e+06 1.64701e+06 1.53604e+06 1.42208e+06 1.30517e+06 1.18534e+06 1.06264e+06   937172   809057   678486   545709   411049   274899   137714        0
       0   143223   285895   427491   567538   705626   841420   974659 1.10515e+06 1.23275e+06 1.35738e+06 1.47897e+06 1.59748e+06 1.7129e+06 1.8252e+06 1.9344e+06 2.04048e+06 2.14344e+06 2.24328e+06 2.34e+06 2.4336e+06 2.52408e+06 2.61144e+06 2.69568e+06 2.7768e+06 2.8548e+06 2.92968e+06 3.00144e+06 3.07008e+06 3.1356e+06 3.198e+06 3.25728e+06 3.31344e+06 3.36648e+06 3.4164e+06 3.4632e+06 3.50688e+06 3.54744e+06 3.58488e+06 3.6192e+06 3.6504e+06 3.67848e+06 3.70344e+06 3.72528e+06 3.744e+06 3.7596e+06 3.77208e+06 3.78144e+06 3.78768e+06 3.7908e+06 3.7908e+06 3.78768e+06 3.78144e+06 3.77208e+06 3.7596e+06 3.744e+06 3.72528e+06 3.70344e+06 3.67848e+06 3.6504e+06 3.6192e+06 3.58488e+06 3.54744e+06 3.50688e+06 3.4632e+06 3.4164e+06 3.36648e+06 3.31344e+06 3.25728e+06 3.198e+06 3.1356e+06 3.07008e+06 3.00144e+06 2.92968e+06 2.8548e+06 2.7768e+06 2.69568e+06 2.61144e+06 2.52408e+06 2.4336e+06 2.34e+06 2.24328e+06 2.14344e+06 2.04048e+06 1.9344e+06 1.8252e+06 1.7129e+06 1.59748e+06 1.47897e+06 1.35738e+06 1.23275e+06 1.10515e+06   974659   841420   705626   567538   427491   285895   143223        0
       0   148548   296524   443385   588638   731860   872703 1.0109e+06 1.14624e+06 1.27859e+06 1.40785e+06 1.53395e+06 1.65687e+06 1.77658e+06 1.89306e+06 2.00632e+06 2.11634e+06 2.22313e+06 2.32668e+06 2.427e+06 2.52408e+06 2.61792e+06 2.70853e+06 2.7959e+06 2.88004e+06 2.96094e+06 3.0386e+06 3.11303e+06 3.18422e+06 3.25218e+06 3.3169e+06 3.37838e+06 3.43663e+06 3.49164e+06 3.54342e+06 3.59196e+06 3.63726e+06 3.67933e+06 3.71816e+06 3.75376e+06 3.78612e+06 3.81524e+06 3.84113e+06 3.86378e+06 3.8832e+06 3.89938e+06 3.91232e+06 3.92203e+06 3.9285e+06 3.93174e+06 3.93174e+06 3.9285e+06 3.92203e+06 3.91232e+06 3.89938e+06 3.8832e+06 3.86378e+06 3.84113e+06 3.81524e+06 3.78612e+06 3.75376e+06 3.71816e+06 3.67933e+06 3.63726e+06 3.59196e+06 3.54342e+06 3.49164e+06 3.43663e+06 3.37838e+06 3.3169e+06 3.25218e+06 3.18422e+06 3.11303e+06 3.0386e+06 2.96094e+06 2.88004e+06 2.7959e+06 2.70853e+06 2.61792e+06 2.52408e+06 2.427e+06 2.32668e+06 2.22313e+06 2.11634e+06 2.00632e+06 1.89306e+06 1.77658e+06 1.65687e+06 1.53395e+06 1.40785e+06 1.27859e+06 1.14624e+06 1.0109e+06   872703   731860   588638   443385   296524   148548        0
       0   153689   306787   458731   609012   757191   902908 1.04588e+06 1.18591e+06 1.32284e+06 1.45657e+06 1.58705e+06 1.71422e+06 1.83807e+06 1.95859e+06 2.07576e+06 2.18959e+06 2.30007e+06 2.40721e+06 2.511e+06 2.61144e+06 2.70853e+06 2.80227e+06 2.89267e+06 2.97972e+06 3.06342e+06 3.14377e+06 3.22077e+06 3.29443e+06 3.36474e+06 3.4317e+06 3.49531e+06 3.55557e+06 3.61249e+06 3.66606e+06 3.71628e+06 3.76315e+06 3.80667e+06 3.84685e+06 3.88368e+06 3.91716e+06 3.94729e+06 3.97407e+06 3.99751e+06 4.0176e+06 4.03434e+06 4.04773e+06 4.05777e+06 4.06447e+06 4.06782e+06 4.06782e+06 4.06447e+06 4.05777e+06 4.04773e+06 4.03434e+06 4.0176e+06 3.99751e+06 3.97407e+06 3.94729e+06 3.91716e+06 3.88368e+06 3.84685e+06 3.80667e+06 3.76315e+06 3.71628e+06 3.66606e+06 3.61249e+06 3.55557e+06 3.49531e+06 3.4317e+06 3.36474e+06 3.29443e+06 3.22077e+06 3.14377e+06 3.06342e+06 2.97972e+06 2.89267e+06 2.80227e+06 2.70853e+06 2.61144e+06 2.511e+06 2.40721e+06 2.30007e+06 2.18959e+06 2.07576e+06 1.95859e+06 1.83807e+06 1.71422e+06 1.58705e+06 1.45657e+06 1.32284e+06 1.18591e+06 1.04588e+06   902908   757191   609012   458731   306787   153689        0
       0   158647   316684   473529   628657   781616   932035 1.07962e+06 1.22417e+06 1.36551e+06 1.50356e+06 1.63824e+06 1.76952e+06 1.89736e+06 2.02177e+06 2.14272e+06 2.26022e+06 2.37427e+06 2.48486e+06 2.592e+06 2.69568e+06 2.7959e+06 2.89267e+06 2.98598e+06 3.07584e+06 3.16224e+06 3.24518e+06 3.32467e+06 3.4007e+06 3.47328e+06 3.5424e+06 3.60806e+06 3.67027e+06 3.72902e+06 3.78432e+06 3.83616e+06 3.88454e+06 3.92947e+06 3.97094e+06 4.00896e+06 4.04352e+06 4.07462e+06 4.10227e+06 4.12646e+06 4.1472e+06 4.16448e+06 4.1783e+06 4.18867e+06 4.19558e+06 4.19904e+06 4.19904e+06 4.19558e+06 4.18867e+06 4.1783e+06 4.16448e+06 4.1472e+06 4.12646e+06 4.10227e+06 4.07462e+06 4.04352e+06 4.00896e+06 3.97094e+06 3.92947e+06 3.88454e+06 3.83616e+06 3.78432e+06 3.72902e+06 3.67027e+06 3.60806e+06 3.5424e+06 3.47328e+06 3.4007e+06 3.32467e+06 3.24518e+06 3.16224e+06 3.07584e+06 2.98598e+06 2.89267e+06 2.7959e+06 2.69568e+06 2.592e+06 2.48486e+06 2.37427e+06 2.26022e+06 2.14272e+06 2.02177e+06 1.89736e+06 1.76952e+06 1.63824e+06 1.50356e+06 1.36551e+06 1.22417e+06 1.07962e+06   932035   781616   628657   473529   316684   158647        0
       0   163421   326213   487779   647575   805137   960082 1.11211e+06 1.261e+06 1.4066e+06 1.54881e+06 1.68754e+06 1.82277e+06 1.95446e+06 2.08261e+06 2.2072e+06 2.32824e+06 2.44572e+06 2.55964e+06 2.67e+06 2.7768e+06 2.88004e+06 2.97972e+06 3.07584e+06 3.1684e+06 3.2574e+06 3.34284e+06 3.42472e+06 3.50304e+06 3.5778e+06 3.649e+06 3.71664e+06 3.78072e+06 3.84124e+06 3.8982e+06 3.9516e+06 4.00144e+06 4.04772e+06 4.09044e+06 4.1296e+06 4.1652e+06 4.19724e+06 4.22572e+06 4.25064e+06 4.272e+06 4.2898e+06 4.30404e+06 4.31472e+06 4.32184e+06 4.3254e+06 4.3254e+06 4.32184e+06 4.31472e+06 4.30404e+06 4.2898e+06 4.272e+06 4.25064e+06 4.22572e+06 4.19724e+06 4.1652e+06 4.1296e+06 4.09044e+06 4.04772e+06 4.00144e+06 3.9516e+06 3.8982e+06 3.84124e+06 3.78072e+06 3.71664e+06 3.649e+06 3.5778e+06 3.50304e+06 3.42472e+06 3.34284e+06 3.2574e+06 3.1684e+06 3.07584e+06 2.97972e+06 2.88004e+06 2.7768e+06 2.67e+06 2.55964e+06 2.44572e+06 2.32824e+06 2.2072e+06 2.08261e+06 1.95446e+06 1.82277e+06 1.68754e+06 1.54881e+06 1.4066e+06 1.261e+06 1.11211e+06   960082   805137   647575   487779   326213   163421        0
       0   168012   335377   501480   665766   827754   987051 1.14335e+06 1.29643e+06 1.44612e+06 1.59231e+06 1.73494e+06 1.87397e+06 2.00936e+06 2.14111e+06 2.2692e+06 2.39364e+06 2.51442e+06 2.63154e+06 2.745e+06 2.8548e+06 2.96094e+06 3.06342e+06 3.16224e+06 3.2574e+06 3.3489e+06 3.43674e+06 3.52092e+06 3.60144e+06 3.6783e+06 3.7515e+06 3.82104e+06 3.88692e+06 3.94914e+06 4.0077e+06 4.0626e+06 4.11384e+06 4.16142e+06 4.20534e+06 4.2456e+06 4.2822e+06 4.31514e+06 4.34442e+06 4.37004e+06 4.392e+06 4.4103e+06 4.42494e+06 4.43592e+06 4.44324e+06 4.4469e+06 4.4469e+06 4.44324e+06 4.43592e+06 4.42494e+06 4.4103e+06 4.392e+06 4.37004e+06 4.34442e+06 4.31514e+06 4.2822e+06 4.2456e+06 4.20534e+06 4.16142e+06 4.11384e+06 4.0626e+06 4.0077e+06 3.94914e+06 3.88692e+06 3.82104e+06 3.7515e+06 3.6783e+06 3.60144e+06 3.52092e+06 3.43674e+06 3.3489e+06 3.2574e+06 3.16224e+06 3.06342e+06 2.96094e+06 2.8548e+06 2.745e+06 2.63154e+06 2.51442e+06 2.39364e+06 2.2692e+06 2.14111e+06 2.00936e+06 1.87397e+06 1.73494e+06 1.59231e+06 1.44612e+06 1.29643e+06 1.14335e+06   987051   827754   665766   501480   335377   168012        0
       0   172418   344174   514634   683229   849465 1.01294e+06 1.17334e+06 1.33043e+06 1.48405e+06 1.63408e+06 1.78045e+06 1.92312e+06 2.06206e+06 2.19727e+06 2.32872e+06 2.45642e+06 2.58037e+06 2.70056e+06 2.817e+06 2.92968e+06 3.0386e+06 3.14377e+06 3.24518e+06 3.34284e+06 3.43674e+06 3.52688e+06 3.61327e+06 3.6959e+06 3.77478e+06 3.8499e+06 3.92126e+06 3.98887e+06 4.05272e+06 4.11282e+06 4.16916e+06 4.22174e+06 4.27057e+06 4.31564e+06 4.35696e+06 4.39452e+06 4.42832e+06 4.45837e+06 4.48466e+06 4.5072e+06 4.52598e+06 4.541e+06 4.55227e+06 4.55978e+06 4.56354e+06 4.56354e+06 4.55978e+06 4.55227e+06 4.541e+06 4.52598e+06 4.5072e+06 4.48466e+06 4.45837e+06 4.42832e+06 4.39452e+06 4.35696e+06 4.31564e+06 4.27057e+06 4.22174e+06 4.16916e+06 4.11282e+06 4.05272e+06 3.98887e+06 3.92126e+06 3.8499e+06 3.77478e+06 3.6959e+06 3.61327e+06 3.52688e+06 3.43674e+06 3.34284e+06 3.24518e+06 3.14377e+06 3.0386e+06 2.92968e+06 2.817e+06 2.70056e+06 2.58037e+06 2.45642e+06 2.32872e+06 2.19727e+06 2.06206e+06 1.92312e+06 1.78045e+06 1.63408e+06 1.48405e+06 1.33043e+06 1.17334e+06 1.01294e+06   849465   683229   514634   344174   172418        0
       0   176642   352604   527240   699964   870272 1.03775e+06 1.20208e+06 1.36302e+06 1.5204e+06 1.6741e+06 1.82406e+06 1.97023e+06 2.11257e+06 2.25109e+06 2.38576e+06 2.51659e+06 2.64357e+06 2.76671e+06 2.886e+06 3.00144e+06 3.11303e+06 3.22077e+06 3.32467e+06 3.42472e+06 3.52092e+06 3.61327e+06 3.70177e+06 3.78643e+06 3.86724e+06 3.9442e+06 4.01731e+06 4.08657e+06 4.15199e+06 4.21356e+06 4.27128e+06 4.32515e+06 4.37517e+06 4.42135e+06 4.46368e+06 4.50216e+06 4.53679e+06 4.56758e+06 4.59451e+06 4.6176e+06 4.63684e+06 4.65223e+06 4.66378e+06 4.67147e+06 4.67532e+06 4.67532e+06 4.67147e+06 4.66378e+06 4.65223e+06 4.63684e+06 4.6176e+06 4.59451e+06 4.56758e+06 4.53679e+06 4.50216e+06 4.46368e+06 4.42135e+06 4.37517e+06 4.32515e+06 4.27128e+06 4.21356e+06 4.15199e+06 4.08657e+06 4.01731e+06 3.9442e+06 3.86724e+06 3.78643e+06 3.70177e+06 3.61327e+06 3.52092e+06 3.42472e+06 3.32467e+06 3.22077e+06 3.11303e+06 3.00144e+06 2.886e+06 2.76671e+06 2.64357e+06 2.51659e+06 2.38576e+06 2.25109e+06 2.11257e+06 1.97023e+06 1.82406e+06 1.6741e+06 1.5204e+06 1.36302e+06 1.20208e+06 1.03775e+06   870272   699964   527240   352604   176642        0
       0   180681   360668   539297   715971   890175 1.06148e+06 1.22957e+06 1.39419e+06 1.55517e+06 1.71239e+06 1.86577e+06 2.01528e+06 2.16089e+06 2.30257e+06 2.44032e+06 2.57414e+06 2.70403e+06 2.82998e+06 2.952e+06 3.07008e+06 3.18422e+06 3.29443e+06 3.4007e+06 3.50304e+06 3.60144e+06 3.6959e+06 3.78643e+06 3.87302e+06 3.95568e+06 4.0344e+06 4.10918e+06 4.18003e+06 4.24694e+06 4.30992e+06 4.36896e+06 4.42406e+06 4.47523e+06 4.52246e+06 4.56576e+06 4.60512e+06 4.64054e+06 4.67203e+06 4.69958e+06 4.7232e+06 4.74288e+06 4.75862e+06 4.77043e+06 4.7783e+06 4.78224e+06 4.78224e+06 4.7783e+06 4.77043e+06 4.75862e+06 4.74288e+06 4.7232e+06 4.69958e+06 4.67203e+06 4.64054e+06 4.60512e+06 4.56576e+06 4.52246e+06 4.47523e+06 4.42406e+06 4.36896e+06 4.30992e+06 4.24694e+06 4.18003e+06 4.10918e+06 4.0344e+06 3.95568e+06 3.87302e+06 3.78643e+06 3.6959e+06 3.60144e+06 3.50304e+06 3.4007e+06 3.29443e+06 3.18422e+06 3.07008e+06 2.952e+06 2.82998e+06 2.70403e+06 2.57414e+06 2.44032e+06 2.30257e+06 2.16089e+06 2.01528e+06 1.86577e+06 1.71239e+06 1.55517e+06 1.39419e+06 1.22957e+06 1.06148e+06   890175   715971   539297   360668   180681        0
       0   184537   368365   550807   731251   909172 1.08414e+06 1.25581e+06 1.42394e+06 1.58836e+06 1.74893e+06 1.90559e+06 2.05829e+06 2.207e+06 2.35171e+06 2.4924e+06 2.62908e+06 2.76174e+06 2.89038e+06 3.015e+06 3.1356e+06 3.25218e+06 3.36474e+06 3.47328e+06 3.5778e+06 3.6783e+06 3.77478e+06 3.86724e+06 3.95568e+06 4.0401e+06 4.1205e+06 4.19688e+06 4.26924e+06 4.33758e+06 4.4019e+06 4.4622e+06 4.51848e+06 4.57074e+06 4.61898e+06 4.6632e+06 4.7034e+06 4.73958e+06 4.77174e+06 4.79988e+06 4.824e+06 4.8441e+06 4.86018e+06 4.87224e+06 4.88028e+06 4.8843e+06 4.8843e+06 4.88028e+06 4.87224e+06 4.86018e+06 4.8441e+06 4.824e+06 4.79988e+06 4.77174e+06 4.73958e+06 4.7034e+06 4.6632e+06 4.61898e+06 4.57074e+06 4.51848e+06 4.4622e+06 4.4019e+06 4.33758e+06 4.26924e+06 4.19688e+06 4.1205e+06 4.0401e+06 3.95568e+06 3.86724e+06 3.77478e+06 3.6783e+06 3.5778e+06 3.47328e+06 3.36474e+06 3.25218e+06 3.1356e+06 3.015e+06 2.89038e+06 2.76174e+06 2.62908e+06 2.4924e+06 2.35171e+06 2.207e+06 2.05829e+06 1.90559e+06 1.74893e+06 1.58836e+06 1.42394e+06 1.25581e+06 1.08414e+06   909172   731251   550807   368365   184537        0
       0   188210   375695   561768   745804   927265 1.10571e+06 1.2808e+06 1.45228e+06 1.61997e+06 1.78374e+06 1.94351e+06 2.09925e+06 2.25092e+06 2.39851e+06 2.542e+06 2.6814e+06 2.8167e+06 2.9479e+06 3.075e+06 3.198e+06 3.3169e+06 3.4317e+06 3.5424e+06 3.649e+06 3.7515e+06 3.8499e+06 3.9442e+06 4.0344e+06 4.1205e+06 4.2025e+06 4.2804e+06 4.3542e+06 4.4239e+06 4.4895e+06 4.551e+06 4.6084e+06 4.6617e+06 4.7109e+06 4.756e+06 4.797e+06 4.8339e+06 4.8667e+06 4.8954e+06 4.92e+06 4.9405e+06 4.9569e+06 4.9692e+06 4.9774e+06 4.9815e+06 4.9815e+06 4.9774e+06 4.9692e+06 4.9569e+06 4.9405e+06 4.92e+06 4.8954e+06 4.8667e+06 4.8339e+06 4.797e+06 4.756e+06 4.7109e+06 4.6617e+06 4.6084e+06 4.551e+06 4.4895e+06 4.4239e+06 4.3542e+06 4.2804e+06 4.2025e+06 4.1205e+06 4.0344e+06 3.9442e+06 3.8499e+06 3.7515e+06 3.649e+06 3.5424e+06 3.4317e+06 3.3169e+06 3.198e+06 3.075e+06 2.9479e+06 2.8167e+06 2.6814e+06 2.542e+06 2.39851e+06 2.25092e+06 2.09925e+06 1.94351e+06 1.78374e+06 1.61997e+06 1.45228e+06 1.2808e+06 1.10571e+06   927265   745804   561768   375695   188210        0
       0   191699   382660   572181   759628   944454 1.12621e+06 1.30455e+06 1.4792e+06 1.65e+06 1.8168e+06 1.97954e+06 2.13817e+06 2.29265e+06 2.44297e+06 2.58912e+06 2.7311e+06 2.86891e+06 3.00254e+06 3.132e+06 3.25728e+06 3.37838e+06 3.49531e+06 3.60806e+06 3.71664e+06 3.82104e+06 3.92126e+06 4.01731e+06 4.10918e+06 4.19688e+06 4.2804e+06 4.35974e+06 4.43491e+06 4.5059e+06 4.57272e+06 4.63536e+06 4.69382e+06 4.74811e+06 4.79822e+06 4.84416e+06 4.88592e+06 4.9235e+06 4.95691e+06 4.98614e+06 5.0112e+06 5.03208e+06 5.04878e+06 5.06131e+06 5.06966e+06 5.07384e+06 5.07384e+06 5.06966e+06 5.06131e+06 5.04878e+06 5.03208e+06 5.0112e+06 4.98614e+06 4.95691e+06 4.9235e+06 4.88592e+06 4.84416e+06 4.79822e+06 4.74811e+06 4.69382e+06 4.63536e+06 4.57272e+06 4.5059e+06 4.43491e+06 4.35974e+06 4.2804e+06 4.19688e+06 4.10918e+06 4.01731e+06 3.92126e+06 3.82104e+06 3.71664e+06 3.60806e+06 3.49531e+06 3.37838e+06 3.25728e+06 3.132e+06 3.00254e+06 2.86891e+06 2.7311e+06 2.58912e+06 2.44297e+06 2.29265e+06 2.13817e+06 1.97954e+06 1.8168e+06 1.65e+06 1.4792e+06 1.30455e+06 1.12621e+06   944454   759628   572181   382660   191699        0
       0   195004   389257   582046   772725   960737 1.14563e+06 1.32704e+06 1.50471e+06 1.67844e+06 1.84813e+06 2.01367e+06 2.17503e+06 2.33217e+06 2.48509e+06 2.63376e+06 2.77819e+06 2.91837e+06 3.05431e+06 3.186e+06 3.31344e+06 3.43663e+06 3.55557e+06 3.67027e+06 3.78072e+06 3.88692e+06 3.98887e+06 4.08657e+06 4.18003e+06 4.26924e+06 4.3542e+06 4.43491e+06 4.51138e+06 4.58359e+06 4.65156e+06 4.71528e+06 4.77475e+06 4.82998e+06 4.88095e+06 4.92768e+06 4.97016e+06 5.00839e+06 5.04238e+06 5.07211e+06 5.0976e+06 5.11884e+06 5.13583e+06 5.14858e+06 5.15707e+06 5.16132e+06 5.16132e+06 5.15707e+06 5.14858e+06 5.13583e+06 5.11884e+06 5.0976e+06 5.07211e+06 5.04238e+06 5.00839e+06 4.97016e+06 4.92768e+06 4.88095e+06 4.82998e+06 4.77475e+06 4.71528e+06 4.65156e+06 4.58359e+06 4.51138e+06 4.43491e+06 4.3542e+06 4.26924e+06 4.18003e+06 4.08657e+06 3.98887e+06 3.88692e+06 3.78072e+06 3.67027e+06 3.55557e+06 3.43663e+06 3.31344e+06 3.186e+06 3.05431e+06 2.91837e+06 2.77819e+06 2.63376e+06 2.48509e+06 2.33217e+06 2.17503e+06 2.01367e+06 1.84813e+06 1.67844e+06 1.50471e+06 1.32704e+06 1.14563e+06   960737   772725   582046   389257   195004        0
       0   198125   395488   591363   785095   976117 1.16397e+06 1.34828e+06 1.52879e+06 1.70531e+06 1.87771e+06 2.04591e+06 2.20985e+06 2.36951e+06 2.52487e+06 2.67592e+06 2.82266e+06 2.96509e+06 3.1032e+06 3.237e+06 3.36648e+06 3.49164e+06 3.61249e+06 3.72902e+06 3.84124e+06 3.94914e+06 4.05272e+06 4.15199e+06 4.24694e+06 4.33758e+06 4.4239e+06 4.5059e+06 4.58359e+06 4.65696e+06 4.72602e+06 4.79076e+06 4.85118e+06 4.90729e+06 4.95908e+06 5.00656e+06 5.04972e+06 5.08856e+06 5.12309e+06 5.1533e+06 5.1792e+06 5.20078e+06 5.21804e+06 5.23099e+06 5.23962e+06 5.24394e+06 5.24394e+06 5.23962e+06 5.23099e+06 5.21804e+06 5.20078e+06 5.1792e+06 5.1533e+06 5.12309e+06 5.08856e+06 5.04972e+06 5.00656e+06 4.95908e+06 4.90729e+06 4.85118e+06 4.79076e+06 4.72602e+06 4.65696e+06 4.58359e+06 4.5059e+06 4.4239e+06 4.33758e+06 4.24694e+06 4.15199e+06 4.05272e+06 3.94914e+06 3.84124e+06 3.72902e+06 3.61249e+06 3.49164e+06 3.36648e+06 3.237e+06 3.1032e+06 2.96509e+06 2.82266e+06 2.67592e+06 2.52487e+06 2.36951e+06 2.20985e+06 2.04591e+06 1.87771e+06 1.70531e+06 1.52879e+06 1.34828e+06 1.16397e+06   976117   785095   591363   395488   198125        0
       0   201063   401353   600133   796737   990591 1.18123e+06 1.36827e+06 1.55146e+06 1.7306e+06 1.90555e+06 2.07624e+06 2.24262e+06 2.40464e+06 2.56231e+06 2.7156e+06 2.86452e+06 3.00906e+06 3.14922e+06 3.285e+06 3.4164e+06 3.54342e+06 3.66606e+06 3.78432e+06 3.8982e+06 4.0077e+06 4.11282e+06 4.21356e+06 4.30992e+06 4.4019e+06 4.4895e+06 4.57272e+06 4.65156e+06 4.72602e+06 4.7961e+06 4.8618e+06 4.92312e+06 4.98006e+06 5.03262e+06 5.0808e+06 5.1246e+06 5.16402e+06 5.19906e+06 5.22972e+06 5.256e+06 5.2779e+06 5.29542e+06 5.30856e+06 5.31732e+06 5.3217e+06 5.3217e+06 5.31732e+06 5.30856e+06 5.29542e+06 5.2779e+06 5.256e+06 5.22972e+06 5.19906e+06 5.16402e+06 5.1246e+06 5.0808e+06 5.03262e+06 4.98006e+06 4.92312e+06 4.8618e+06 4.7961e+06 4.72602e+06 4.65156e+06 4.57272e+06 4.4895e+06 4.4019e+06 4.30992e+06 4.21356e+06 4.11282e+06 4.0077e+06 3.8982e+06 3.78432e+06 3.66606e+06 3.54342e+06 3.4164e+06 3.285e+06 3.14922e+06 3.00906e+06 2.86452e+06 2.7156e+06 2.56231e+06 2.40464e+06 2.24262e+06 2.07624e+06 1.90555e+06 1.7306e+06 1.55146e+06 1.36827e+06 1.18123e+06   990591   796737   600133   401353   201063        0
       0   203817   406851   608354   807651 1.00416e+06 1.19741e+06 1.38702e+06 1.57271e+06 1.75431e+06 1.93166e+06 2.10468e+06 2.27334e+06 2.43758e+06 2.59741e+06 2.7528e+06 2.90376e+06 3.05028e+06 3.19236e+06 3.33e+06 3.4632e+06 3.59196e+06 3.71628e+06 3.83616e+06 3.9516e+06 4.0626e+06 4.16916e+06 4.27128e+06 4.36896e+06 4.4622e+06 4.551e+06 4.63536e+06 4.71528e+06 4.79076e+06 4.8618e+06 4.9284e+06 4.99056e+06 5.04828e+06 5.10156e+06 5.1504e+06 5.1948e+06 5.23476e+06 5.27028e+06 5.30136e+06 5.328e+06 5.3502e+06 5.36796e+06 5.38128e+06 5.39016e+06 5.3946e+06 5.3946e+06 5.39016e+06 5.38128e+06 5.36796e+06 5.3502e+06 5.328e+06 5.30136e+06 5.27028e+06 5.23476e+06 5.1948e+06 5.1504e+06 5.10156e+06 5.04828e+06 4.99056e+06 4.9284e+06 4.8618e+06 4.79076e+06 4.71528e+06 4.63536e+06 4.551e+06 4.4622e+06 4.36896e+06 4.27128e+06 4.16916e+06 4.0626e+06 3.9516e+06 3.83616e+06 3.71628e+06 3.59196e+06 3.4632e+06 3.33e+06 3.19236e+06 3.05028e+06 2.90376e+06 2.7528e+06 2.59741e+06 2.43758e+06 2.27334e+06 2.10468e+06 1.93166e+06 1.75431e+06 1.57271e+06 1.38702e+06 1.19741e+06 1.00416e+06   807651   608354   406851   203817        0
