       0        0        0        0        0        0        0        0        0        0        0        0        0        0        0        0        0        0        0        0        0        0        0        0        0        0        0        0        0        0        0        0        0        0        0        0        0        0        0        0        0        0        0        0        0        0        0        0        0        0        0        0        0        0        0        0        0        0        0        0        0        0        0        0        0        0        0        0        0        0        0        0        0        0        0        0        0        0        0        0        0        0        0        0        0        0        0        0        0        0        0        0        0        0        0        0        0        0        0        0
       0     9604    19012    28224    37240    46060    54684    63112    71344    79380    87220    94864   102312   109564   116620   123480   130144   136612   142884   148960   154840   160524   166012   171304   176400   181300   186004   190512   194824   198940   202860   206584   210112   213444   216580   219520   222264   224812   227164   229320   231280   233044   234612   235984   237160   238140   238924   239512   239904   240100   240100   239904   239512   238924   238140   237160   235984   234612   233044   231280   229320   227164   224812   222264   219520   216580   213444   210112   206584   202860   198940   194824   190512   186004   181300   176400   171304   166012   160524   154840   148960   142884   136612   130144   123480   116620   109564   102312    94864    87220    79380    71344    63112    54684    46060    37240    28224    19012     9604        0
       0    19012    37636    55872    73720    91180   108252   124936   141232   157140   172660   187792   202536   216892   230860   244440   257632   270436   282852   294880   306520   317772   328636   339112   349200   358900   368212   377136   385672   393820   401580   408952   415936   422532   428740   434560   439992   445036   449692   453960   457840   461332   464436   467152   469480   471420   472972   474136   474912   475300   475300   474912   474136   472972   471420   469480   467152   464436   461332   457840   453960   449692   445036   439992   434560   428740   422532   415936   408952   401580   393820   385672   377136   368212   358900   349200   339112   328636   317772   306520   294880   282852   270436   257632   244440   230860   216892   202536   187792   172660   157140   141232   124936   108252    91180    73720    55872    37636    19012        0
       0    28224    55872    82944   109440   135360   160704   185472   209664   233280   256320   278784   300672   321984   342720   362880   382464   401472   419904   437760   455040   471744   487872   503424   518400   532800   546624   559872   572544   584640   596160   607104   617472   627264   636480   645120   653184   660672   667584   673920   679680   684864   689472   693504   696960   699840   702144   703872   705024   705600   705600   705024   703872   702144   699840   696960   693504   689472   684864   679680   673920   667584   660672   653184   645120   636480   627264   617472   607104   596160   584640   572544   559872   546624   532800   518400   503424   487872   471744   455040   437760   419904   401472   382464   362880   342720   321984   300672   278784   256320   233280   209664   185472   160704   135360   109440    82944    55872    28224        0
       0    37240    73720   109440   144400   178600   212040   244720   276640   307800   338200   367840   396720   424840   452200   478800   504640   529720   554040   577600   600400   622440   643720   664240   684000   703000   721240   738720   755440   771400   786600   801040   814720   827640   839800   851200   861840   871720   880840   889200   896800   903640   909720   915040   919600   923400   926440   928720   930240   931000   931000   930240   928720   926440   923400   919600   915040   909720   903640   896800   889200   880840   871720   861840   851200   839800   827640   814720   801040   786600   771400   755440   738720   721240   703000   684000   664240   643720   622440   600400   577600   554040   529720   504640   478800   452200   424840   396720   367840   338200   307800   276640   244720   212040   178600   144400   109440    73720    37240        0
       0    46060    91180   135360   178600   220900   262260   302680   342160   380700   418300   454960   490680   525460   559300   592200   624160   655180   685260   714400   742600   769860   796180   821560   846000   869500   892060   913680   934360   954100   972900   990760 1.00768e+06 1.02366e+06 1.0387e+06 1.0528e+06 1.06596e+06 1.07818e+06 1.08946e+06 1.0998e+06 1.1092e+06 1.11766e+06 1.12518e+06 1.13176e+06 1.1374e+06 1.1421e+06 1.14586e+06 1.14868e+06 1.15056e+06 1.1515e+06 1.1515e+06 1.15056e+06 1.14868e+06 1.14586e+06 1.1421e+06 1.1374e+06 1.13176e+06 1.12518e+06 1.11766e+06 1.1092e+06 1.0998e+06 1.08946e+06 1.07818e+06 1.06596e+06 1.0528e+06 1.0387e+06 1.02366e+06 1.00768e+06   990760   972900   954100   934360   913680   892060   869500   846000   821560   796180   769860   742600   714400   685260   655180   624160   592200   559300   525460   490680   454960   418300   380700   342160   302680   262260   220900   178600   135360    91180    46060        0
       0    54684   108252   160704   212040   262260   311364   359352   406224   451980   496620   540144   582552   623844   664020   703080   741024   777852   813564   848160   881640   914004   945252   975384 1.0044e+06 1.0323e+06 1.05908e+06 1.08475e+06 1.1093e+06 1.13274e+06 1.15506e+06 1.17626e+06 1.19635e+06 1.21532e+06 1.23318e+06 1.24992e+06 1.26554e+06 1.28005e+06 1.29344e+06 1.30572e+06 1.31688e+06 1.32692e+06 1.33585e+06 1.34366e+06 1.35036e+06 1.35594e+06 1.3604e+06 1.36375e+06 1.36598e+06 1.3671e+06 1.3671e+06 1.36598e+06 1.36375e+06 1.3604e+06 1.35594e+06 1.35036e+06 1.34366e+06 1.33585e+06 1.32692e+06 1.31688e+06 1.30572e+06 1.29344e+06 1.28005e+06 1.26554e+06 1.24992e+06 1.23318e+06 1.21532e+06 1.19635e+06 1.17626e+06 1.15506e+06 1.13274e+06 1.1093e+06 1.08475e+06 1.05908e+06 1.0323e+06 1.0044e+06   975384   945252   914004   881640   848160   813564   777852   741024   703080   664020   623844   582552   540144   496620   451980   406224   359352   311364   262260   212040   160704   108252    54684        0
       0    63112   124936   185472   244720   302680   359352   414736   468832   521640   573160   623392   672336   719992   766360   811440   855232   897736   938952   978880 1.01752e+06 1.05487e+06 1.09094e+06 1.12571e+06 1.1592e+06 1.1914e+06 1.22231e+06 1.25194e+06 1.28027e+06 1.30732e+06 1.33308e+06 1.35755e+06 1.38074e+06 1.40263e+06 1.42324e+06 1.44256e+06 1.46059e+06 1.47734e+06 1.49279e+06 1.50696e+06 1.51984e+06 1.53143e+06 1.54174e+06 1.55075e+06 1.55848e+06 1.56492e+06 1.57007e+06 1.57394e+06 1.57651e+06 1.5778e+06 1.5778e+06 1.57651e+06 1.57394e+06 1.57007e+06 1.56492e+06 1.55848e+06 1.55075e+06 1.54174e+06 1.53143e+06 1.51984e+06 1.50696e+06 1.49279e+06 1.47734e+06 1.46059e+06 1.44256e+06 1.42324e+06 1.40263e+06 1.38074e+06 1.35755e+06 1.33308e+06 1.30732e+06 1.28027e+06 1.25194e+06 1.22231e+06 1.1914e+06 1.1592e+06 1.12571e+06 1.09094e+06 1.05487e+06 1.01752e+06   978880   938952   897736   855232   811440   766360   719992   672336   623392   573160   521640   468832   414736   359352   302680   244720   185472   124936    63112        0
       0    71344   141232   209664   276640   342160   406224   468832   529984   589680   647920   704704   760032   813904   866320   917280   966784 1.01483e+06 1.06142e+06 1.10656e+06 1.15024e+06 1.19246e+06 1.23323e+06 1.27254e+06 1.3104e+06 1.3468e+06 1.38174e+06 1.41523e+06 1.44726e+06 1.47784e+06 1.50696e+06 1.53462e+06 1.56083e+06 1.58558e+06 1.60888e+06 1.63072e+06 1.6511e+06 1.67003e+06 1.6875e+06 1.70352e+06 1.71808e+06 1.73118e+06 1.74283e+06 1.75302e+06 1.76176e+06 1.76904e+06 1.77486e+06 1.77923e+06 1.78214e+06 1.7836e+06 1.7836e+06 1.78214e+06 1.77923e+06 1.77486e+06 1.76904e+06 1.76176e+06 1.75302e+06 1.74283e+06 1.73118e+06 1.71808e+06 1.70352e+06 1.6875e+06 1.67003e+06 1.6511e+06 1.63072e+06 1.60888e+06 1.58558e+06 1.56083e+06 1.53462e+06 1.50696e+06 1.47784e+06 1.44726e+06 1.41523e+06 1.38174e+06 1.3468e+06 1.3104e+06 1.27254e+06 1.23323e+06 1.19246e+06 1.15024e+06 1.10656e+06 1.06142e+06 1.01483e+06   966784   917280   866320   813904   760032   704704   647920   589680   529984   468832   406224   342160   276640   209664   141232    71344        0
       0    79380   157140   233280   307800   380700   451980   521640   589680   656100   720900   784080   845640   905580   963900 1.0206e+06 1.07568e+06 1.12914e+06 1.18098e+06 1.2312e+06 1.2798e+06 1.32678e+06 1.37214e+06 1.41588e+06 1.458e+06 1.4985e+06 1.53738e+06 1.57464e+06 1.61028e+06 1.6443e+06 1.6767e+06 1.70748e+06 1.73664e+06 1.76418e+06 1.7901e+06 1.8144e+06 1.83708e+06 1.85814e+06 1.87758e+06 1.8954e+06 1.9116e+06 1.92618e+06 1.93914e+06 1.95048e+06 1.9602e+06 1.9683e+06 1.97478e+06 1.97964e+06 1.98288e+06 1.9845e+06 1.9845e+06 1.98288e+06 1.97964e+06 1.97478e+06 1.9683e+06 1.9602e+06 1.95048e+06 1.93914e+06 1.92618e+06 1.9116e+06 1.8954e+06 1.87758e+06 1.85814e+06 1.83708e+06 1.8144e+06 1.7901e+06 1.76418e+06 1.73664e+06 1.70748e+06 1.6767e+06 1.6443e+06 1.61028e+06 1.57464e+06 1.53738e+06 1.4985e+06 1.458e+06 1.41588e+06 1.37214e+06 1.32678e+06 1.2798e+06 1.2312e+06 1.18098e+06 1.12914e+06 1.07568e+06 1.0206e+06   963900   905580   845640   784080   720900   656100   589680   521640   451980   380700   307800   233280   157140    79380        0
       0    87220   172660   256320   338200   418300   496620   573160   647920   720900   792100   861520   929160   995020 1.0591e+06 1.1214e+06 1.18192e+06 1.24066e+06 1.29762e+06 1.3528e+06 1.4062e+06 1.45782e+06 1.50766e+06 1.55572e+06 1.602e+06 1.6465e+06 1.68922e+06 1.73016e+06 1.76932e+06 1.8067e+06 1.8423e+06 1.87612e+06 1.90816e+06 1.93842e+06 1.9669e+06 1.9936e+06 2.01852e+06 2.04166e+06 2.06302e+06 2.0826e+06 2.1004e+06 2.11642e+06 2.13066e+06 2.14312e+06 2.1538e+06 2.1627e+06 2.16982e+06 2.17516e+06 2.17872e+06 2.1805e+06 2.1805e+06 2.17872e+06 2.17516e+06 2.16982e+06 2.1627e+06 2.1538e+06 2.14312e+06 2.13066e+06 2.11642e+06 2.1004e+06 2.0826e+06 2.06302e+06 2.04166e+06 2.01852e+06 1.9936e+06 1.9669e+06 1.93842e+06 1.90816e+06 1.87612e+06 1.8423e+06 1.8067e+06 1.76932e+06 1.73016e+06 1.68922e+06 1.6465e+06 1.602e+06 1.55572e+06 1.50766e+06 1.45782e+06 1.4062e+06 1.3528e+06 1.29762e+06 1.24066e+06 1.18192e+06 1.1214e+06 1.0591e+06   995020   929160   861520   792100   720900   647920   573160   496620   418300   338200   256320   172660    87220        0
       0    94864   187792   278784   367840   454960   540144   623392   704704   784080   861520   937024 1.01059e+06 1.08222e+06 1.15192e+06 1.21968e+06 1.2855e+06 1.34939e+06 1.41134e+06 1.47136e+06 1.52944e+06 1.58558e+06 1.63979e+06 1.69206e+06 1.7424e+06 1.7908e+06 1.83726e+06 1.88179e+06 1.92438e+06 1.96504e+06 2.00376e+06 2.04054e+06 2.07539e+06 2.1083e+06 2.13928e+06 2.16832e+06 2.19542e+06 2.22059e+06 2.24382e+06 2.26512e+06 2.28448e+06 2.3019e+06 2.31739e+06 2.33094e+06 2.34256e+06 2.35224e+06 2.35998e+06 2.36579e+06 2.36966e+06 2.3716e+06 2.3716e+06 2.36966e+06 2.36579e+06 2.35998e+06 2.35224e+06 2.34256e+06 2.33094e+06 2.31739e+06 2.3019e+06 2.28448e+06 2.26512e+06 2.24382e+06 2.22059e+06 2.19542e+06 2.16832e+06 2.13928e+06 2.1083e+06 2.07539e+06 2.04054e+06 2.00376e+06 1.96504e+06 1.92438e+06 1.88179e+06 1.83726e+06 1.7908e+06 1.7424e+06 1.69206e+06 1.63979e+06 1.58558e+06 1.52944e+06 1.47136e+06 1.41134e+06 1.34939e+06 1.2855e+06 1.21968e+06 1.15192e+06 1.08222e+06 1.01059e+06   937024   861520   784080   704704   623392   540144   454960   367840   278784   187792    94864        0
       0   102312   202536   300672   396720   490680   582552   672336   760032   845640   929160 1.01059e+06 1.08994e+06 1.16719e+06 1.24236e+06 1.31544e+06 1.38643e+06 1.45534e+06 1.52215e+06 1.58688e+06 1.64952e+06 1.71007e+06 1.76854e+06 1.82491e+06 1.8792e+06 1.9314e+06 1.98151e+06 2.02954e+06 2.07547e+06 2.11932e+06 2.16108e+06 2.20075e+06 2.23834e+06 2.27383e+06 2.30724e+06 2.33856e+06 2.36779e+06 2.39494e+06 2.41999e+06 2.44296e+06 2.46384e+06 2.48263e+06 2.49934e+06 2.51395e+06 2.52648e+06 2.53692e+06 2.54527e+06 2.55154e+06 2.55571e+06 2.5578e+06 2.5578e+06 2.55571e+06 2.55154e+06 2.54527e+06 2.53692e+06 2.52648e+06 2.51395e+06 2.49934e+06 2.48263e+06 2.46384e+06 2.44296e+06 2.41999e+06 2.39494e+06 2.36779e+06 2.33856e+06 2.30724e+06 2.27383e+06 2.23834e+06 2.20075e+06 2.16108e+06 2.11932e+06 2.07547e+06 2.02954e+06 1.98151e+06 1.9314e+06 1.8792e+06 1.82491e+06 1.76854e+06 1.71007e+06 1.64952e+06 1.58688e+06 1.52215e+06 1.45534e+06 1.38643e+06 1.31544e+06 1.24236e+06 1.16719e+06 1.08994e+06 1.01059e+06   929160   845640   760032   672336   582552   490680   396720   300672   202536   102312        0
       0   109564   216892   321984   424840   525460   623844   719992   813904   905580   995020 1.08222e+06 1.16719e+06 1.24992e+06 1.33042e+06 1.40868e+06 1.4847e+06 1.55849e+06 1.63004e+06 1.69936e+06 1.76644e+06 1.83128e+06 1.89389e+06 1.95426e+06 2.0124e+06 2.0683e+06 2.12196e+06 2.17339e+06 2.22258e+06 2.26954e+06 2.31426e+06 2.35674e+06 2.39699e+06 2.435e+06 2.47078e+06 2.50432e+06 2.53562e+06 2.56469e+06 2.59152e+06 2.61612e+06 2.63848e+06 2.6586e+06 2.67649e+06 2.69214e+06 2.70556e+06 2.71674e+06 2.72568e+06 2.73239e+06 2.73686e+06 2.7391e+06 2.7391e+06 2.73686e+06 2.73239e+06 2.72568e+06 2.71674e+06 2.70556e+06 2.69214e+06 2.67649e+06 2.6586e+06 2.63848e+06 2.61612e+06 2.59152e+06 2.56469e+06 2.53562e+06 2.50432e+06 2.47078e+06 2.435e+06 2.39699e+06 2.35674e+06 2.31426e+06 2.26954e+06 2.22258e+06 2.17339e+06 2.12196e+06 2.0683e+06 2.0124e+06 1.95426e+06 1.89389e+06 1.83128e+06 1.76644e+06 1.69936e+06 1.63004e+06 1.55849e+06 1.4847e+06 1.40868e+06 1.33042e+06 1.24992e+06 1.16719e+06 1.08222e+06   995020   905580   813904   719992   623844   525460   424840   321984   216892   109564        0
       0   116620   230860   342720   452200   559300   664020   766360   866320   963900 1.0591e+06 1.15192e+06 1.24236e+06 1.33042e+06 1.4161e+06 1.4994e+06 1.58032e+06 1.65886e+06 1.73502e+06 1.8088e+06 1.8802e+06 1.94922e+06 2.01586e+06 2.08012e+06 2.142e+06 2.2015e+06 2.25862e+06 2.31336e+06 2.36572e+06 2.4157e+06 2.4633e+06 2.50852e+06 2.55136e+06 2.59182e+06 2.6299e+06 2.6656e+06 2.69892e+06 2.72986e+06 2.75842e+06 2.7846e+06 2.8084e+06 2.82982e+06 2.84886e+06 2.86552e+06 2.8798e+06 2.8917e+06 2.90122e+06 2.90836e+06 2.91312e+06 2.9155e+06 2.9155e+06 2.91312e+06 2.90836e+06 2.90122e+06 2.8917e+06 2.8798e+06 2.86552e+06 2.84886e+06 2.82982e+06 2.8084e+06 2.7846e+06 2.75842e+06 2.72986e+06 2.69892e+06 2.6656e+06 2.6299e+06 2.59182e+06 2.55136e+06 2.50852e+06 2.4633e+06 2.4157e+06 2.36572e+06 2.31336e+06 2.25862e+06 2.2015e+06 2.142e+06 2.08012e+06 2.01586e+06 1.94922e+06 1.8802e+06 1.8088e+06 1.73502e+06 1.65886e+06 1.58032e+06 1.4994e+06 1.4161e+06 1.33042e+06 1.24236e+06 1.15192e+06 1.0591e+06   963900   866320   766360   664020   559300   452200   342720   230860   116620        0
       0   123480   244440   362880   478800   592200   703080   811440   917280 1.0206e+06 1.1214e+06 1.21968e+06 1.31544e+06 1.40868e+06 1.4994e+06 1.5876e+06 1.67328e+06 1.75644e+06 1.83708e+06 1.9152e+06 1.9908e+06 2.06388e+06 2.13444e+06 2.20248e+06 2.268e+06 2.331e+06 2.39148e+06 2.44944e+06 2.50488e+06 2.5578e+06 2.6082e+06 2.65608e+06 2.70144e+06 2.74428e+06 2.7846e+06 2.8224e+06 2.85768e+06 2.89044e+06 2.92068e+06 2.9484e+06 2.9736e+06 2.99628e+06 3.01644e+06 3.03408e+06 3.0492e+06 3.0618e+06 3.07188e+06 3.07944e+06 3.08448e+06 3.087e+06 3.087e+06 3.08448e+06 3.07944e+06 3.07188e+06 3.0618e+06 3.0492e+06 3.03408e+06 3.01644e+06 2.99628e+06 2.9736e+06 2.9484e+06 2.92068e+06 2.89044e+06 2.85768e+06 2.8224e+06 2.7846e+06 2.74428e+06 2.70144e+06 2.65608e+06 2.6082e+06 2.5578e+06 2.50488e+06 2.44944e+06 2.39148e+06 2.331e+06 2.268e+06 2.20248e+06 2.13444e+06 2.06388e+06 1.9908e+06 1.9152e+06 1.83708e+06 1.75644e+06 1.67328e+06 1.5876e+06 1.4994e+06 1.40868e+06 1.31544e+06 1.21968e+06 1.1214e+06 1.0206e+06   917280   811440   703080   592200   478800   362880   244440   123480        0
       0   130144   257632   382464   504640   624160   741024   855232   966784 1.07568e+06 1.18192e+06 1.2855e+06 1.38643e+06 1.4847e+06 1.58032e+06 1.67328e+06 1.76358e+06 1.85123e+06 1.93622e+06 2.01856e+06 2.09824e+06 2.17526e+06 2.24963e+06 2.32134e+06 2.3904e+06 2.4568e+06 2.52054e+06 2.58163e+06 2.64006e+06 2.69584e+06 2.74896e+06 2.79942e+06 2.84723e+06 2.89238e+06 2.93488e+06 2.97472e+06 3.0119e+06 3.04643e+06 3.0783e+06 3.10752e+06 3.13408e+06 3.15798e+06 3.17923e+06 3.19782e+06 3.21376e+06 3.22704e+06 3.23766e+06 3.24563e+06 3.25094e+06 3.2536e+06 3.2536e+06 3.25094e+06 3.24563e+06 3.23766e+06 3.22704e+06 3.21376e+06 3.19782e+06 3.17923e+06 3.15798e+06 3.13408e+06 3.10752e+06 3.0783e+06 3.04643e+06 3.0119e+06 2.97472e+06 2.93488e+06 2.89238e+06 2.84723e+06 2.79942e+06 2.74896e+06 2.69584e+06 2.64006e+06 2.58163e+06 2.52054e+06 2.4568e+06 2.3904e+06 2.32134e+06 2.24963e+06 2.17526e+06 2.09824e+06 2.01856e+06 1.93622e+06 1.85123e+06 1.76358e+06 1.67328e+06 1.58032e+06 1.4847e+06 1.38643e+06 1.2855e+06 1.18192e+06 1.07568e+06   966784   855232   741024   624160   504640   382464   257632   130144        0
       0   136612   270436   401472   529720   655180   777852   897736 1.01483e+06 1.12914e+06 1.24066e+06 1.34939e+06 1.45534e+06 1.55849e+06 1.65886e+06 1.75644e+06 1.85123e+06 1.94324e+06 2.03245e+06 2.11888e+06 2.20252e+06 2.28337e+06 2.36144e+06 2.43671e+06 2.5092e+06 2.5789e+06 2.64581e+06 2.70994e+06 2.77127e+06 2.82982e+06 2.88558e+06 2.93855e+06 2.98874e+06 3.03613e+06 3.08074e+06 3.12256e+06 3.16159e+06 3.19784e+06 3.23129e+06 3.26196e+06 3.28984e+06 3.31493e+06 3.33724e+06 3.35675e+06 3.37348e+06 3.38742e+06 3.39857e+06 3.40694e+06 3.41251e+06 3.4153e+06 3.4153e+06 3.41251e+06 3.40694e+06 3.39857e+06 3.38742e+06 3.37348e+06 3.35675e+06 3.33724e+06 3.31493e+06 3.28984e+06 3.26196e+06 3.23129e+06 3.19784e+06 3.16159e+06 3.12256e+06 3.08074e+06 3.03613e+06 2.98874e+06 2.93855e+06 2.88558e+06 2.82982e+06 2.77127e+06 2.70994e+06 2.64581e+06 2.5789e+06 2.5092e+06 2.43671e+06 2.36144e+06 2.28337e+06 2.20252e+06 2.11888e+06 2.03245e+06 1.94324e+06 1.85123e+06 1.75644e+06 1.65886e+06 1.55849e+06 1.45534e+06 1.34939e+06 1.24066e+06 1.12914e+06 1.01483e+06   897736   777852   655180   529720   401472   270436   136612        0
       0   142884   282852   419904   554040   685260   813564   938952 1.06142e+06 1.18098e+06 1.29762e+06 1.41134e+06 1.52215e+06 1.63004e+06 1.73502e+06 1.83708e+06 1.93622e+06 2.03245e+06 2.12576e+06 2.21616e+06 2.30364e+06 2.3882e+06 2.46985e+06 2.54858e+06 2.6244e+06 2.6973e+06 2.76728e+06 2.83435e+06 2.8985e+06 2.95974e+06 3.01806e+06 3.07346e+06 3.12595e+06 3.17552e+06 3.22218e+06 3.26592e+06 3.30674e+06 3.34465e+06 3.37964e+06 3.41172e+06 3.44088e+06 3.46712e+06 3.49045e+06 3.51086e+06 3.52836e+06 3.54294e+06 3.5546e+06 3.56335e+06 3.56918e+06 3.5721e+06 3.5721e+06 3.56918e+06 3.56335e+06 3.5546e+06 3.54294e+06 3.52836e+06 3.51086e+06 3.49045e+06 3.46712e+06 3.44088e+06 3.41172e+06 3.37964e+06 3.34465e+06 3.30674e+06 3.26592e+06 3.22218e+06 3.17552e+06 3.12595e+06 3.07346e+06 3.01806e+06 2.95974e+06 2.8985e+06 2.83435e+06 2.76728e+06 2.6973e+06 2.6244e+06 2.54858e+06 2.46985e+06 2.3882e+06 2.30364e+06 2.21616e+06 2.12576e+06 2.03245e+06 1.93622e+06 1.83708e+06 1.73502e+06 1.63004e+06 1.52215e+06 1.41134e+06 1.29762e+06 1.18098e+06 1.06142e+06   938952   813564   685260   554040   419904   282852   142884        0
       0   148960   294880   437760   577600   714400   848160   978880 1.10656e+06 1.2312e+06 1.3528e+06 1.47136e+06 1.58688e+06 1.69936e+06 1.8088e+06 1.9152e+06 2.01856e+06 2.11888e+06 2.21616e+06 2.3104e+06 2.4016e+06 2.48976e+06 2.57488e+06 2.65696e+06 2.736e+06 2.812e+06 2.88496e+06 2.95488e+06 3.02176e+06 3.0856e+06 3.1464e+06 3.20416e+06 3.25888e+06 3.31056e+06 3.3592e+06 3.4048e+06 3.44736e+06 3.48688e+06 3.52336e+06 3.5568e+06 3.5872e+06 3.61456e+06 3.63888e+06 3.66016e+06 3.6784e+06 3.6936e+06 3.70576e+06 3.71488e+06 3.72096e+06 3.724e+06 3.724e+06 3.72096e+06 3.71488e+06 3.70576e+06 3.6936e+06 3.6784e+06 3.66016e+06 3.63888e+06 3.61456e+06 3.5872e+06 3.5568e+06 3.52336e+06 3.48688e+06 3.44736e+06 3.4048e+06 3.3592e+06 3.31056e+06 3.25888e+06 3.20416e+06 3.1464e+06 3.0856e+06 3.02176e+06 2.95488e+06 2.88496e+06 2.812e+06 2.736e+06 2.65696e+06 2.57488e+06 2.48976e+06 2.4016e+06 2.3104e+06 2.21616e+06 2.11888e+06 2.01856e+06 1.9152e+06 1.8088e+06 1.69936e+06 1.58688e+06 1.47136e+06 1.3528e+06 1.2312e+06 1.10656e+06   978880   848160   714400   577600   437760   294880   148960        0
       0   154840   306520   455040   600400   742600   881640 1.01752e+06 1.15024e+06 1.2798e+06 1.4062e+06 1.52944e+06 1.64952e+06 1.76644e+06 1.8802e+06 1.9908e+06 2.09824e+06 2.20252e+06 2.30364e+06 2.4016e+06 2.4964e+06 2.58804e+06 2.67652e+06 2.76184e+06 2.844e+06 2.923e+06 2.99884e+06 3.07152e+06 3.14104e+06 3.2074e+06 3.2706e+06 3.33064e+06 3.38752e+06 3.44124e+06 3.4918e+06 3.5392e+06 3.58344e+06 3.62452e+06 3.66244e+06 3.6972e+06 3.7288e+06 3.75724e+06 3.78252e+06 3.80464e+06 3.8236e+06 3.8394e+06 3.85204e+06 3.86152e+06 3.86784e+06 3.871e+06 3.871e+06 3.86784e+06 3.86152e+06 3.85204e+06 3.8394e+06 3.8236e+06 3.80464e+06 3.78252e+06 3.75724e+06 3.7288e+06 3.6972e+06 3.66244e+06 3.62452e+06 3.58344e+06 3.5392e+06 3.4918e+06 3.44124e+06 3.38752e+06 3.33064e+06 3.2706e+06 3.2074e+06 3.14104e+06 3.07152e+06 2.99884e+06 2.923e+06 2.844e+06 2.76184e+06 2.67652e+06 2.58804e+06 2.4964e+06 2.4016e+06 2.30364e+06 2.20252e+06 2.09824e+06 1.9908e+06 1.8802e+06 1.76644e+06 1.64952e+06 1.52944e+06 1.4062e+06 1.2798e+06 1.15024e+06 1.01752e+06   881640   742600   600400   455040   306520   154840        0
       0   160524   317772   471744   622440   769860   914004 1.05487e+06 1.19246e+06 1.32678e+06 1.45782e+06 1.58558e+06 1.71007e+06 1.83128e+06 1.94922e+06 2.06388e+06 2.17526e+06 2.28337e+06 2.3882e+06 2.48976e+06 2.58804e+06 2.68304e+06 2.77477e+06 2.86322e+06 2.9484e+06 3.0303e+06 3.10892e+06 3.18427e+06 3.25634e+06 3.32514e+06 3.39066e+06 3.4529e+06 3.51187e+06 3.56756e+06 3.61998e+06 3.66912e+06 3.71498e+06 3.75757e+06 3.79688e+06 3.83292e+06 3.86568e+06 3.89516e+06 3.92137e+06 3.9443e+06 3.96396e+06 3.98034e+06 3.99344e+06 4.00327e+06 4.00982e+06 4.0131e+06 4.0131e+06 4.00982e+06 4.00327e+06 3.99344e+06 3.98034e+06 3.96396e+06 3.9443e+06 3.92137e+06 3.89516e+06 3.86568e+06 3.83292e+06 3.79688e+06 3.75757e+06 3.71498e+06 3.66912e+06 3.61998e+06 3.56756e+06 3.51187e+06 3.4529e+06 3.39066e+06 3.32514e+06 3.25634e+06 3.18427e+06 3.10892e+06 3.0303e+06 2.9484e+06 2.86322e+06 2.77477e+06 2.68304e+06 2.58804e+06 2.48976e+06 2.3882e+06 2.28337e+06 2.17526e+06 2.06388e+06 1.94922e+06 1.83128e+06 1.71007e+06 1.58558e+06 1.45782e+06 1.32678e+06 1.19246e+06 1.05487e+06   914004   769860   622440   471744   317772   160524        0
       0   166012   328636   487872   643720   796180   945252 1.09094e+06 1.23323e+06 1.37214e+06 1.50766e+06 1.63979e+06 1.76854e+06 1.89389e+06 2.01586e+06 2.13444e+06 2.24963e+06 2.36144e+06 2.46985e+06 2.57488e+06 2.67652e+06 2.77477e+06 2.86964e+06 2.96111e+06 3.0492e+06 3.1339e+06 3.21521e+06 3.29314e+06 3.36767e+06 3.43882e+06 3.50658e+06 3.57095e+06 3.63194e+06 3.68953e+06 3.74374e+06 3.79456e+06 3.84199e+06 3.88604e+06 3.92669e+06 3.96396e+06 3.99784e+06 4.02833e+06 4.05544e+06 4.07915e+06 4.09948e+06 4.11642e+06 4.12997e+06 4.14014e+06 4.14691e+06 4.1503e+06 4.1503e+06 4.14691e+06 4.14014e+06 4.12997e+06 4.11642e+06 4.09948e+06 4.07915e+06 4.05544e+06 4.02833e+06 3.99784e+06 3.96396e+06 3.92669e+06 3.88604e+06 3.84199e+06 3.79456e+06 3.74374e+06 3.68953e+06 3.63194e+06 3.57095e+06 3.50658e+06 3.43882e+06 3.36767e+06 3.29314e+06 3.21521e+06 3.1339e+06 3.0492e+06 2.96111e+06 2.86964e+06 2.77477e+06 2.67652e+06 2.57488e+06 2.46985e+06 2.36144e+06 2.24963e+06 2.13444e+06 2.01586e+06 1.89389e+06 1.76854e+06 1.63979e+06 1.50766e+06 1.37214e+06 1.23323e+06 1.09094e+06   945252   796180   643720   487872   328636   166012        0
       0   171304   339112   503424   664240   821560   975384 1.12571e+06 1.27254e+06 1.41588e+06 1.55572e+06 1.69206e+06 1.82491e+06 1.95426e+06 2.08012e+06 2.20248e+06 2.32134e+06 2.43671e+06 2.54858e+06 2.65696e+06 2.76184e+06 2.86322e+06 2.96111e+06 3.0555e+06 3.1464e+06 3.2338e+06 3.3177e+06 3.39811e+06 3.47502e+06 3.54844e+06 3.61836e+06 3.68478e+06 3.74771e+06 3.80714e+06 3.86308e+06 3.91552e+06 3.96446e+06 4.00991e+06 4.05186e+06 4.09032e+06 4.12528e+06 4.15674e+06 4.18471e+06 4.20918e+06 4.23016e+06 4.24764e+06 4.26162e+06 4.27211e+06 4.2791e+06 4.2826e+06 4.2826e+06 4.2791e+06 4.27211e+06 4.26162e+06 4.24764e+06 4.23016e+06 4.20918e+06 4.18471e+06 4.15674e+06 4.12528e+06 4.09032e+06 4.05186e+06 4.00991e+06 3.96446e+06 3.91552e+06 3.86308e+06 3.80714e+06 3.74771e+06 3.68478e+06 3.61836e+06 3.54844e+06 3.47502e+06 3.39811e+06 3.3177e+06 3.2338e+06 3.1464e+06 3.0555e+06 2.96111e+06 2.86322e+06 2.76184e+06 2.65696e+06 2.54858e+06 2.43671e+06 2.32134e+06 2.20248e+06 2.08012e+06 1.95426e+06 1.82491e+06 1.69206e+06 1.55572e+06 1.41588e+06 1.27254e+06 1.12571e+06   975384   821560   664240   503424   339112   171304        0
       0   176400   349200   518400   684000   846000 1.0044e+06 1.1592e+06 1.3104e+06 1.458e+06 1.602e+06 1.7424e+06 1.8792e+06 2.0124e+06 2.142e+06 2.268e+06 2.3904e+06 2.5092e+06 2.6244e+06 2.736e+06 2.844e+06 2.9484e+06 3.0492e+06 3.1464e+06 3.24e+06 3.33e+06 3.4164e+06 3.4992e+06 3.5784e+06 3.654e+06 3.726e+06 3.7944e+06 3.8592e+06 3.9204e+06 3.978e+06 4.032e+06 4.0824e+06 4.1292e+06 4.1724e+06 4.212e+06 4.248e+06 4.2804e+06 4.3092e+06 4.3344e+06 4.356e+06 4.374e+06 4.3884e+06 4.3992e+06 4.4064e+06 4.41e+06 4.41e+06 4.4064e+06 4.3992e+06 4.3884e+06 4.374e+06 4.356e+06 4.3344e+06 4.3092e+06 4.2804e+06 4.248e+06 4.212e+06 4.1724e+06 4.1292e+06 4.0824e+06 4.032e+06 3.978e+06 3.9204e+06 3.8592e+06 3.7944e+06 3.726e+06 3.654e+06 3.5784e+06 3.4992e+06 3.4164e+06 3.33e+06 3.24e+06 3.1464e+06 3.0492e+06 2.9484e+06 2.844e+06 2.736e+06 2.6244e+06 2.5092e+06 2.3904e+06 2.268e+06 2.142e+06 2.0124e+06 1.8792e+06 1.7424e+06 1.602e+06 1.458e+06 1.3104e+06 1.1592e+06 1.0044e+06   846000   684000   518400   349200   176400        0
       0   181300   358900   532800   703000   869500 1.0323e+06 1.1914e+06 1.3468e+06 1.4985e+06 1.6465e+06 1.7908e+06 1.9314e+06 2.0683e+06 2.2015e+06 2.331e+06 2.4568e+06 2.5789e+06 2.6973e+06 2.812e+06 2.923e+06 3.0303e+06 3.1339e+06 3.2338e+06 3.33e+06 3.4225e+06 3.5113e+06 3.5964e+06 3.6778e+06 3.7555e+06 3.8295e+06 3.8998e+06 3.9664e+06 4.0293e+06 4.0885e+06 4.144e+06 4.1958e+06 4.2439e+06 4.2883e+06 4.329e+06 4.366e+06 4.3993e+06 4.4289e+06 4.4548e+06 4.477e+06 4.4955e+06 4.5103e+06 4.5214e+06 4.5288e+06 4.5325e+06 4.5325e+06 4.5288e+06 4.5214e+06 4.5103e+06 4.4955e+06 4.477e+06 4.4548e+06 4.4289e+06 4.3993e+06 4.366e+06 4.329e+06 4.2883e+06 4.2439e+06 4.1958e+06 4.144e+06 4.0885e+06 4.0293e+06 3.9664e+06 3.8998e+06 3.8295e+06 3.7555e+06 3.6778e+06 3.5964e+06 3.5113e+06 3.4225e+06 3.33e+06 3.2338e+06 3.1339e+06 3.0303e+06 2.923e+06 2.812e+06 2.6973e+06 2.5789e+06 2.4568e+06 2.331e+06 2.2015e+06 2.0683e+06 1.9314e+06 1.7908e+06 1.6465e+06 1.4985e+06 1.3468e+06 1.1914e+06 1.0323e+06   869500   703000   532800   358900   181300        0
       0   186004   368212   546624   721240   892060 1.05908e+06 1.22231e+06 1.38174e+06 1.53738e+06 1.68922e+06 1.83726e+06 1.98151e+06 2.12196e+06 2.25862e+06 2.39148e+06 2.52054e+06 2.64581e+06 2.76728e+06 2.88496e+06 2.99884e+06 3.10892e+06 3.21521e+06 3.3177e+06 3.4164e+06 3.5113e+06 3.6024e+06 3.68971e+06 3.77322e+06 3.85294e+06 3.92886e+06 4.00098e+06 4.06931e+06 4.13384e+06 4.19458e+06 4.25152e+06 4.30466e+06 4.35401e+06 4.39956e+06 4.44132e+06 4.47928e+06 4.51344e+06 4.54381e+06 4.57038e+06 4.59316e+06 4.61214e+06 4.62732e+06 4.63871e+06 4.6463e+06 4.6501e+06 4.6501e+06 4.6463e+06 4.63871e+06 4.62732e+06 4.61214e+06 4.59316e+06 4.57038e+06 4.54381e+06 4.51344e+06 4.47928e+06 4.44132e+06 4.39956e+06 4.35401e+06 4.30466e+06 4.25152e+06 4.19458e+06 4.13384e+06 4.06931e+06 4.00098e+06 3.92886e+06 3.85294e+06 3.77322e+06 3.68971e+06 3.6024e+06 3.5113e+06 3.4164e+06 3.3177e+06 3.21521e+06 3.10892e+06 2.99884e+06 2.88496e+06 2.76728e+06 2.64581e+06 2.52054e+06 2.39148e+06 2.25862e+06 2.12196e+06 1.98151e+06 1.83726e+06 1.68922e+06 1.53738e+06 1.38174e+06 1.22231e+06 1.05908e+06   892060   721240   546624   368212   186004        0
       0   190512   377136   559872   738720   913680 1.08475e+06 1.25194e+06 1.41523e+06 1.57464e+06 1.73016e+06 1.88179e+06 2.02954e+06 2.17339e+06 2.31336e+06 2.44944e+06 2.58163e+06 2.70994e+06 2.83435e+06 2.95488e+06 3.07152e+06 3.18427e+06 3.29314e+06 3.39811e+06 3.4992e+06 3.5964e+06 3.68971e+06 3.77914e+06 3.86467e+06 3.94632e+06 4.02408e+06 4.09795e+06 4.16794e+06 4.23403e+06 4.29624e+06 4.35456e+06 4.40899e+06 4.45954e+06 4.50619e+06 4.54896e+06 4.58784e+06 4.62283e+06 4.65394e+06 4.68115e+06 4.70448e+06 4.72392e+06 4.73947e+06 4.75114e+06 4.75891e+06 4.7628e+06 4.7628e+06 4.75891e+06 4.75114e+06 4.73947e+06 4.72392e+06 4.70448e+06 4.68115e+06 4.65394e+06 4.62283e+06 4.58784e+06 4.54896e+06 4.50619e+06 4.45954e+06 4.40899e+06 4.35456e+06 4.29624e+06 4.23403e+06 4.16794e+06 4.09795e+06 4.02408e+06 3.94632e+06 3.86467e+06 3.77914e+06 3.68971e+06 3.5964e+06 3.4992e+06 3.39811e+06 3.29314e+06 3.18427e+06 3.07152e+06 2.95488e+06 2.83435e+06 2.70994e+06 2.58163e+06 2.44944e+06 2.31336e+06 2.17339e+06 2.02954e+06 1.88179e+06 1.73016e+06 1.57464e+06 1.41523e+06 1.25194e+06 1.08475e+06   913680   738720   559872   377136   190512        0
       0   194824   385672   572544   755440   934360 1.1093e+06 1.28027e+06 1.44726e+06 1.61028e+06 1.76932e+06 1.92438e+06 2.07547e+06 2.22258e+06 2.36572e+06 2.50488e+06 2.64006e+06 2.77127e+06 2.8985e+06 3.02176e+06 3.14104e+06 3.25634e+06 3.36767e+06 3.47502e+06 3.5784e+06 3.6778e+06 3.77322e+06 3.86467e+06 3.95214e+06 4.03564e+06 4.11516e+06 4.1907e+06 4.26227e+06 4.32986e+06 4.39348e+06 4.45312e+06 4.50878e+06 4.56047e+06 4.60818e+06 4.65192e+06 4.69168e+06 4.72746e+06 4.75927e+06 4.7871e+06 4.81096e+06 4.83084e+06 4.84674e+06 4.85867e+06 4.86662e+06 4.8706e+06 4.8706e+06 4.86662e+06 4.85867e+06 4.84674e+06 4.83084e+06 4.81096e+06 4.7871e+06 4.75927e+06 4.72746e+06 4.69168e+06 4.65192e+06 4.60818e+06 4.56047e+06 4.50878e+06 4.45312e+06 4.39348e+06 4.32986e+06 4.26227e+06 4.1907e+06 4.11516e+06 4.03564e+06 3.95214e+06 3.86467e+06 3.77322e+06 3.6778e+06 3.5784e+06 3.47502e+06 3.36767e+06 3.25634e+06 3.14104e+06 3.02176e+06 2.8985e+06 2.77127e+06 2.64006e+06 2.50488e+06 2.36572e+06 2.22258e+06 2.07547e+06 1.92438e+06 1.76932e+06 1.61028e+06 1.44726e+06 1.28027e+06 1.1093e+06   934360   755440   572544   385672   194824        0
       0   198940   393820   584640   771400   954100 1.13274e+06 1.30732e+06 1.47784e+06 1.6443e+06 1.8067e+06 1.96504e+06 2.11932e+06 2.26954e+06 2.4157e+06 2.5578e+06 2.69584e+06 2.82982e+06 2.95974e+06 3.0856e+06 3.2074e+06 3.32514e+06 3.43882e+06 3.54844e+06 3.654e+06 3.7555e+06 3.85294e+06 3.94632e+06 4.03564e+06 4.1209e+06 4.2021e+06 4.27924e+06 4.35232e+06 4.42134e+06 4.4863e+06 4.5472e+06 4.60404e+06 4.65682e+06 4.70554e+06 4.7502e+06 4.7908e+06 4.82734e+06 4.85982e+06 4.88824e+06 4.9126e+06 4.9329e+06 4.94914e+06 4.96132e+06 4.96944e+06 4.9735e+06 4.9735e+06 4.96944e+06 4.96132e+06 4.94914e+06 4.9329e+06 4.9126e+06 4.88824e+06 4.85982e+06 4.82734e+06 4.7908e+06 4.7502e+06 4.70554e+06 4.65682e+06 4.60404e+06 4.5472e+06 4.4863e+06 4.42134e+06 4.35232e+06 4.27924e+06 4.2021e+06 4.1209e+06 4.03564e+06 3.94632e+06 3.85294e+06 3.7555e+06 3.654e+06 3.54844e+06 3.43882e+06 3.32514e+06 3.2074e+06 3.0856e+06 2.95974e+06 2.82982e+06 2.69584e+06 2.5578e+06 2.4157e+06 2.26954e+06 2.11932e+06 1.96504e+06 1.8067e+06 1.6443e+06 1.47784e+06 1.30732e+06 1.13274e+06   954100   771400   584640   393820   198940        0
       0   202860   401580   596160   786600   972900 1.15506e+06 1.33308e+06 1.50696e+06 1.6767e+06 1.8423e+06 2.00376e+06 2.16108e+06 2.31426e+06 2.4633e+06 2.6082e+06 2.74896e+06 2.88558e+06 3.01806e+06 3.1464e+06 3.2706e+06 3.39066e+06 3.50658e+06 3.61836e+06 3.726e+06 3.8295e+06 3.92886e+06 4.02408e+06 4.11516e+06 4.2021e+06 4.2849e+06 4.36356e+06 4.43808e+06 4.50846e+06 4.5747e+06 4.6368e+06 4.69476e+06 4.74858e+06 4.79826e+06 4.8438e+06 4.8852e+06 4.92246e+06 4.95558e+06 4.98456e+06 5.0094e+06 5.0301e+06 5.04666e+06 5.05908e+06 5.06736e+06 5.0715e+06 5.0715e+06 5.06736e+06 5.05908e+06 5.04666e+06 5.0301e+06 5.0094e+06 4.98456e+06 4.95558e+06 4.92246e+06 4.8852e+06 4.8438e+06 4.79826e+06 4.74858e+06 4.69476e+06 4.6368e+06 4.5747e+06 4.50846e+06 4.43808e+06 4.36356e+06 4.2849e+06 4.2021e+06 4.11516e+06 4.02408e+06 3.92886e+06 3.8295e+06 3.726e+06 3.61836e+06 3.50658e+06 3.39066e+06 3.2706e+06 3.1464e+06 3.01806e+06 2.88558e+06 2.74896e+06 2.6082e+06 2.4633e+06 2.31426e+06 2.16108e+06 2.00376e+06 1.8423e+06 1.6767e+06 1.50696e+06 1.33308e+06 1.15506e+06   972900   786600   596160   401580   202860        0
       0   206584   408952   607104   801040   990760 1.17626e+06 1.35755e+06 1.53462e+06 1.70748e+06 1.87612e+06 2.04054e+06 2.20075e+06 2.35674e+06 2.50852e+06 2.65608e+06 2.79942e+06 2.93855e+06 3.07346e+06 3.20416e+06 3.33064e+06 3.4529e+06 3.57095e+06 3.68478e+06 3.7944e+06 3.8998e+06 4.00098e+06 4.09795e+06 4.1907e+06 4.27924e+06 4.36356e+06 4.44366e+06 4.51955e+06 4.59122e+06 4.65868e+06 4.72192e+06 4.78094e+06 4.83575e+06 4.88634e+06 4.93272e+06 4.97488e+06 5.01282e+06 5.04655e+06 5.07606e+06 5.10136e+06 5.12244e+06 5.1393e+06 5.15195e+06 5.16038e+06 5.1646e+06 5.1646e+06 5.16038e+06 5.15195e+06 5.1393e+06 5.12244e+06 5.10136e+06 5.07606e+06 5.04655e+06 5.01282e+06 4.97488e+06 4.93272e+06 4.88634e+06 4.83575e+06 4.78094e+06 4.72192e+06 4.65868e+06 4.59122e+06 4.51955e+06 4.44366e+06 4.36356e+06 4.27924e+06 4.1907e+06 4.09795e+06 4.00098e+06 3.8998e+06 3.7944e+06 3.68478e+06 3.57095e+06 3.4529e+06 3.33064e+06 3.20416e+06 3.07346e+06 2.93855e+06 2.79942e+06 2.65608e+06 2.50852e+06 2.35674e+06 2.20075e+06 2.04054e+06 1.87612e+06 1.70748e+06 1.53462e+06 1.35755e+06 1.17626e+06   990760   801040   607104   408952   206584        0
       0   210112   415936   617472   814720 1.00768e+06 1.19635e+06 1.38074e+06 1.56083e+06 1.73664e+06 1.90816e+06 2.07539e+06 2.23834e+06 2.39699e+06 2.55136e+06 2.70144e+06 2.84723e+06 2.98874e+06 3.12595e+06 3.25888e+06 3.38752e+06 3.51187e+06 3.63194e+06 3.74771e+06 3.8592e+06 3.9664e+06 4.06931e+06 4.16794e+06 4.26227e+06 4.35232e+06 4.43808e+06 4.51955e+06 4.59674e+06 4.66963e+06 4.73824e+06 4.80256e+06 4.86259e+06 4.91834e+06 4.96979e+06 5.01696e+06 5.05984e+06 5.09843e+06 5.13274e+06 5.16275e+06 5.18848e+06 5.20992e+06 5.22707e+06 5.23994e+06 5.24851e+06 5.2528e+06 5.2528e+06 5.24851e+06 5.23994e+06 5.22707e+06 5.20992e+06 5.18848e+06 5.16275e+06 5.13274e+06 5.09843e+06 5.05984e+06 5.01696e+06 4.96979e+06 4.91834e+06 4.86259e+06 4.80256e+06 4.73824e+06 4.66963e+06 4.59674e+06 4.51955e+06 4.43808e+06 4.35232e+06 4.26227e+06 4.16794e+06 4.06931e+06 3.9664e+06 3.8592e+06 3.74771e+06 3.63194e+06 3.51187e+06 3.38752e+06 3.25888e+06 3.12595e+06 2.98874e+06 2.84723e+06 2.70144e+06 2.55136e+06 2.39699e+06 2.23834e+06 2.07539e+06 1.90816e+06 1.73664e+06 1.56083e+06 1.38074e+06 1.19635e+06 1.00768e+06   814720   617472   415936   210112        0
       0   213444   422532   627264   827640 1.02366e+06 1.21532e+06 1.40263e+06 1.58558e+06 1.76418e+06 1.93842e+06 2.1083e+06 2.27383e+06 2.435e+06 2.59182e+06 2.74428e+06 2.89238e+06 3.03613e+06 3.17552e+06 3.31056e+06 3.44124e+06 3.56756e+06 3.68953e+06 3.80714e+06 3.9204e+06 4.0293e+06 4.13384e+06 4.23403e+06 4.32986e+06 4.42134e+06 4.50846e+06 4.59122e+06 4.66963e+06 4.74368e+06 4.81338e+06 4.87872e+06 4.9397e+06 4.99633e+06 5.0486e+06 5.09652e+06 5.14008e+06 5.17928e+06 5.21413e+06 5.24462e+06 5.27076e+06 5.29254e+06 5.30996e+06 5.32303e+06 5.33174e+06 5.3361e+06 5.3361e+06 5.33174e+06 5.32303e+06 5.30996e+06 5.29254e+06 5.27076e+06 5.24462e+06 5.21413e+06 5.17928e+06 5.14008e+06 5.09652e+06 5.0486e+06 4.99633e+06 4.9397e+06 4.87872e+06 4.81338e+06 4.74368e+06 4.66963e+06 4.59122e+06 4.50846e+06 4.42134e+06 4.32986e+06 4.23403e+06 4.13384e+06 4.0293e+06 3.9204e+06 3.80714e+06 3.68953e+06 3.56756e+06 3.44124e+06 3.31056e+06 3.17552e+06 3.03613e+06 2.89238e+06 2.74428e+06 2.59182e+06 2.435e+06 2.27383e+06 2.1083e+06 1.93842e+06 1.76418e+06 1.58558e+06 1.40263e+06 1.21532e+06 1.02366e+06   827640   627264   422532   213444        0
       0   216580   428740   636480   839800 1.0387e+06 1.23318e+06 1.42324e+06 1.60888e+06 1.7901e+06 1.9669e+06 2.13928e+06 2.30724e+06 2.47078e+06 2.6299e+06 2.7846e+06 2.93488e+06 3.08074e+06 3.22218e+06 3.3592e+06 3.4918e+06 3.61998e+06 3.74374e+06 3.86308e+06 3.978e+06 4.0885e+06 4.19458e+06 4.29624e+06 4.39348e+06 4.4863e+06 4.5747e+06 4.65868e+06 4.73824e+06 4.81338e+06 4.8841e+06 4.9504e+06 5.01228e+06 5.06974e+06 5.12278e+06 5.1714e+06 5.2156e+06 5.25538e+06 5.29074e+06 5.32168e+06 5.3482e+06 5.3703e+06 5.38798e+06 5.40124e+06 5.41008e+06 5.4145e+06 5.4145e+06 5.41008e+06 5.40124e+06 5.38798e+06 5.3703e+06 5.3482e+06 5.32168e+06 5.29074e+06 5.25538e+06 5.2156e+06 5.1714e+06 5.12278e+06 5.06974e+06 5.01228e+06 4.9504e+06 4.8841e+06 4.81338e+06 4.73824e+06 4.65868e+06 4.5747e+06 4.4863e+06 4.39348e+06 4.29624e+06 4.19458e+06 4.0885e+06 3.978e+06 3.86308e+06 3.74374e+06 3.61998e+06 3.4918e+06 3.3592e+06 3.22218e+06 3.08074e+06 2.93488e+06 2.7846e+06 2.6299e+06 2.47078e+06 2.30724e+06 2.13928e+06 1.9669e+06 1.7901e+06 1.60888e+06 1.42324e+06 1.23318e+06 1.0387e+06   839800   636480   428740   216580        0
       0   219520   434560   645120   851200 1.0528e+06 1.24992e+06 1.44256e+06 1.63072e+06 1.8144e+06 1.9936e+06 2.16832e+06 2.33856e+06 2.50432e+06 2.6656e+06 2.8224e+06 2.97472e+06 3.12256e+06 3.26592e+06 3.4048e+06 3.5392e+06 3.66912e+06 3.79456e+06 3.91552e+06 4.032e+06 4.144e+06 4.25152e+06 4.35456e+06 4.45312e+06 4.5472e+06 4.6368e+06 4.72192e+06 4.80256e+06 4.87872e+06 4.9504e+06 5.0176e+06 5.08032e+06 5.13856e+06 5.19232e+06 5.2416e+06 5.2864e+06 5.32672e+06 5.36256e+06 5.39392e+06 5.4208e+06 5.4432e+06 5.46112e+06 5.47456e+06 5.48352e+06 5.488e+06 5.488e+06 5.48352e+06 5.47456e+06 5.46112e+06 5.4432e+06 5.4208e+06 5.39392e+06 5.36256e+06 5.32672e+06 5.2864e+06 5.2416e+06 5.19232e+06 5.13856e+06 5.08032e+06 5.0176e+06 4.9504e+06 4.87872e+06 4.80256e+06 4.72192e+06 4.6368e+06 4.5472e+06 4.45312e+06 4.35456e+06 4.25152e+06 4.144e+06 4.032e+06 3.91552e+06 3.79456e+06 3.66912e+06 3.5392e+06 3.4048e+06 3.26592e+06 3.12256e+06 2.97472e+06 2.8224e+06 2.6656e+06 2.50432e+06 2.33856e+06 2.16832e+06 1.9936e+06 1.8144e+06 1.63072e+06 1.44256e+06 1.24992e+06 1.0528e+06   851200   645120   434560   219520        0
